 B-Field, AverEnergy, AverEnergy^2, C_v
   0.00000000     ,  -2.0000000000000000      ,   4.0000000000000000      ,                       NaN
   9.99999978E-03 ,  -2.0004928650093081      ,   4.0019717649606577      ,   6.2007507573014209E-004
   1.99999996E-02 ,  -2.0019666481244558      ,   4.0078706991325914      ,   5.9732480739427274E-004
   2.99999993E-02 ,  -2.0043504777427334      ,   4.0174213378448460      ,   5.5579713276084769E-004
   3.99999991E-02 ,  -2.0076135527391443      ,   4.0305130461203964      ,   5.4311156683084505E-004
   4.99999970E-02 ,  -2.0115211510856859      ,   4.0462185439149208      ,   4.8106004545918194E-004
   5.99999987E-02 ,  -2.0160936946518437      ,   4.0646353214908642      ,   4.2663228943287147E-004
   7.00000003E-02 ,  -2.0211807104756301      ,   4.0851734100435149      ,   3.9707035918779059E-004
   7.99999982E-02 ,  -2.0265567746734634      ,   4.1069346069603654      ,   3.5093522726681314E-004
   8.99999961E-02 ,  -2.0322353715598585      ,   4.1299830140051750      ,   2.9735634300157715E-004
   9.99999940E-02 ,  -2.0381166636490811      ,   4.1539222870199275      ,   2.7523764958575645E-004
  0.109999999     ,  -2.0441042903402584      ,   4.1783650331565267      ,   2.2176602507568977E-004
  0.119999997     ,  -2.0500428922753189      ,   4.2026785801454816      ,   1.8888732350633164E-004
  0.129999995     ,  -2.0560861443734195      ,   4.2274929106331651      ,   1.5843484814689985E-004
  0.140000001     ,  -2.0619690440633942      ,   4.2517189082864526      ,   1.3110259021198201E-004
  0.149999991     ,  -2.0678952181665826      ,   4.2761931438843401      ,   1.1158082029295078E-004
  0.159999996     ,  -2.0737620050073771      ,   4.3004911636533372      ,   9.0243793757216473E-005
  0.170000002     ,  -2.0794538706579164      ,   4.3241306469038676      ,   7.7740813756254788E-005
  0.179999992     ,  -2.0852389155566589      ,   4.3482233183168768      ,   6.1214974172809180E-005
  0.189999998     ,  -2.0908840573706855      ,   4.3717980630406981      ,   5.3231960073350253E-005
  0.199999988     ,  -2.0964166059140736      ,   4.3949643531620239      ,   4.4190253601018835E-005
  0.199999988     ,  -2.0964600058985505      ,   4.3951462917888202      ,   4.3386426678532839E-005
  0.189999998     ,  -2.0908292423541770      ,   4.3715687959132570      ,   5.1945425957844278E-005
  0.179999992     ,  -2.0852322555585938      ,   4.3481956535950141      ,   6.4628803730712022E-005
  0.170000002     ,  -2.0795362356948881      ,   4.3244732324681268      ,   7.8785463661879099E-005
  0.159999996     ,  -2.0736815250241669      ,   4.3001575527909806      ,   9.7092360401562772E-005
  0.149999991     ,  -2.0679081181747927      ,   4.2762464151067912      ,   1.0799528458748106E-004
  0.140000001     ,  -2.0619620440641042      ,   4.2516901622652705      ,   1.3730123857539386E-004
  0.129999995     ,  -2.0559812992811226      ,   4.2270618513505553      ,   1.6262467384036016E-004
  0.119999997     ,  -2.0500198522972837      ,   4.2025840123419762      ,   1.8177288270882646E-004
  0.109999999     ,  -2.0440127153283405      ,   4.1779907414845274      ,   2.2818681113787186E-004
   9.99999940E-02 ,  -2.0380995636653876      ,   4.1538524411129343      ,   2.6097004881671469E-004
   8.99999961E-02 ,  -2.0322138165518639      ,   4.1298953965474725      ,   2.9634116264278811E-004
   7.99999982E-02 ,  -2.0265766546545114      ,   4.1070150702347226      ,   3.3328813306421345E-004
   7.00000003E-02 ,  -2.0211904404829135      ,   4.0852127177869280      ,   3.9205865942454788E-004
   5.99999987E-02 ,  -2.0160795346653497      ,   4.0645782674646576      ,   4.3815792003692056E-004
   4.99999970E-02 ,  -2.0115595011405447      ,   4.0463728228289559      ,   4.7848017290818971E-004
   3.99999991E-02 ,  -2.0075814927697269      ,   4.0303843008416438      ,   5.3170632452470556E-004
   2.99999993E-02 ,  -2.0043683427966918      ,   4.0174929638606631      ,   5.6695022918980438E-004
   1.99999996E-02 ,  -2.0019714681198564      ,   4.0078899995901516      ,   6.0106044585950258E-004
   9.99999978E-03 ,  -2.0004985000711177      ,   4.0019943087839946      ,   5.9997202761508106E-004
   0.00000000     ,  -2.0000000000000000      ,   4.0000000000000000      ,                       NaN
  -9.99999978E-03 ,  -2.0004988450748957      ,   4.0019956910325938      ,   6.1886602509275690E-004
  -1.99999996E-02 ,  -2.0019743581171019      ,   4.0079015672156366      ,   5.9164313670478919E-004
  -2.99999993E-02 ,  -2.0043667977920219      ,   4.0174867768341507      ,   5.7415911988577262E-004
  -3.99999991E-02 ,  -2.0075983127536774      ,   4.0304518591389566      ,   5.4610471533766969E-004
  -4.99999970E-02 ,  -2.0115581761386458      ,   4.0463675380181359      ,   4.9681127374446730E-004
  -5.99999987E-02 ,  -2.0161323346149982      ,   4.0647911167170854      ,   4.2389923906324418E-004
  -7.00000003E-02 ,  -2.0211615654612882      ,   4.0850960426935519      ,   4.0183584592148869E-004
  -7.99999982E-02 ,  -2.0265407346887687      ,   4.1068695880071893      ,   3.4978973356691867E-004
  -8.99999961E-02 ,  -2.0321829465404151      ,   4.1297699855578243      ,   3.0337634378972597E-004
  -9.99999940E-02 ,  -2.0380551637077353      ,   4.1536715124886525      ,   2.6621734976799247E-004
 -0.109999999     ,  -2.0440567703340720      ,   4.1781708561255915      ,   2.2940304603308323E-004
 -0.119999997     ,  -2.0500335322842460      ,   4.2026402510908873      ,   1.9219455592466852E-004
 -0.129999995     ,  -2.0560084693050338      ,   4.2271735657620724      ,   1.6212474377927985E-004
 -0.140000001     ,  -2.0619672240635705      ,   4.2517115246524222      ,   1.3732347040648608E-004
 -0.149999991     ,  -2.0678599681441754      ,   4.2760473794136633      ,   1.1251381205702038E-004
 -0.159999996     ,  -2.0736863250231656      ,   4.3001773682101403      ,   9.3500861636508503E-005
 -0.170000002     ,  -2.0794522556571979      ,   4.3241239547253771      ,   7.8587107527069129E-005
 -0.179999992     ,  -2.0852003955678819      ,   4.3480627228111457      ,   6.2751077037956319E-005
 -0.189999998     ,  -2.0908083423478838      ,   4.3714814906721182      ,   5.4466497838709957E-005
 -0.199999988     ,  -2.0964287059097479      ,   4.3950150170916427      ,   4.2453240269958858E-005
 -0.199999988     ,  -2.0963854059252260      ,   4.3948335422146716      ,   4.4300970062379050E-005
 -0.189999998     ,  -2.0908033073463659      ,   4.3714604176158582      ,   5.3950285771544751E-005
 -0.179999992     ,  -2.0852366655573156      ,   4.3482140203614330      ,   6.3857316253481636E-005
 -0.170000002     ,  -2.0795144756851247      ,   4.3243828317172968      ,   8.2253742182628628E-005
 -0.159999996     ,  -2.0737040850194588      ,   4.3002511714560399      ,   9.9188658155002773E-005
 -0.149999991     ,  -2.0679373681933906      ,   4.2763674954488620      ,   1.1274127083058793E-004
 -0.140000001     ,  -2.0619013540703026      ,   4.2514399471203452      ,   1.4046956239366834E-004
 -0.129999995     ,  -2.0560324543261572      ,   4.2272721835928575      ,   1.6155920360744834E-004
 -0.119999997     ,  -2.0500379722800095      ,   4.2026585565448951      ,   1.9921913352599554E-004
 -0.109999999     ,  -2.0440441753324423      ,   4.1781193157423511      ,   2.2520923075907684E-004
  -9.99999940E-02 ,  -2.0381226636433607      ,   4.1539467182962291      ,   2.7262401452313292E-004
  -8.99999961E-02 ,  -2.0322474765643479      ,   4.1300322597898180      ,   3.0293677799607486E-004
  -7.99999982E-02 ,  -2.0265495346803744      ,   4.1069052500527459      ,   3.4899054757175918E-004
  -7.00000003E-02 ,  -2.0212132254999933      ,   4.0853048975843693      ,   4.0707108188766533E-004
  -5.99999987E-02 ,  -2.0160963946492738      ,   4.0646462360683406      ,   4.3431967943785565E-004
  -4.99999970E-02 ,  -2.0115541011328228      ,   4.0463511258721203      ,   4.8963524877089341E-004
  -3.99999991E-02 ,  -2.0076212527317971      ,   4.0305439313168527      ,   5.2306028897053380E-004
  -2.99999993E-02 ,  -2.0043748828164336      ,   4.0175191989401604      ,   5.8674985771278200E-004
  -1.99999996E-02 ,  -2.0019728181185772      ,   4.0078954077475135      ,   6.0815468883035351E-004
  -9.99999978E-03 ,  -2.0005068801630168      ,   4.0020278397575950      ,   6.2178028059634016E-004
   0.00000000     ,  -2.0000000000000000      ,   4.0000000000000000      ,                       NaN
   9.99999978E-03 ,  -2.0004977000623421      ,   4.0019911100548295      ,   6.2100109055052144E-004
   1.99999996E-02 ,  -2.0019617681291106      ,   4.0078511573502418      ,   5.9074901637146127E-004
   2.99999993E-02 ,  -2.0043639627834615      ,   4.0174754131958030      ,   5.7543431440599917E-004
   3.99999991E-02 ,  -2.0076095327429853      ,   4.0304969057378308      ,   5.4361082690856932E-004
   4.99999970E-02 ,  -2.0115635261463094      ,   4.0463890507434597      ,   4.9240862702211875E-004
   5.99999987E-02 ,  -2.0161349746124873      ,   4.0648018559147019      ,   4.5001647871214601E-004
   7.00000003E-02 ,  -2.0211611104609433      ,   4.0850941907257106      ,   3.9924204389915993E-004
   7.99999982E-02 ,  -2.0265335746955926      ,   4.1068405326193043      ,   3.4425793868364529E-004
   8.99999961E-02 ,  -2.0322699765726924      ,   4.1301237229097030      ,   3.0434952788876822E-004
   9.99999940E-02 ,  -2.0380738136899530      ,   4.1537475725522368      ,   2.7025041461835428E-004
  0.109999999     ,  -2.0440274553302622      ,   4.1780509356640483      ,   2.2293553459550822E-004
  0.119999997     ,  -2.0500727122468749      ,   4.2028008062841149      ,   1.8616565144463171E-004
  0.129999995     ,  -2.0560333643269506      ,   4.2272758432001138      ,   1.5668488967689417E-004
  0.140000001     ,  -2.0619668740636143      ,   4.2517100095271205      ,   1.3366283014665383E-004
  0.149999991     ,  -2.0678970181677299      ,   4.2762006102330110      ,   1.1255494936842020E-004
  0.159999996     ,  -2.0737333650133487      ,   4.3003724057944197      ,   9.1274407545971492E-005
  0.170000002     ,  -2.0795242506895129      ,   4.3244233561087526      ,   7.7747502200272822E-005
  0.179999992     ,  -2.0851921155703015      ,   4.3480283016385561      ,   6.6135870971335692E-005
  0.189999998     ,  -2.0908276273536859      ,   4.3715620538347695      ,   5.2258429006755955E-005
  0.199999988     ,  -2.0964319059085970      ,   4.3950284567862408      ,   4.3016877047430195E-005
