0.00306323076923176 5.00559883257116e-06
0.00278502697580066 4.24242596796257e-06
0.00230734265734266 3.01186522547003e-06
0.00215799600548499 4.15234560339217e-06
0.00207945055023365 3.72475019808904e-06
0.00215287912014704 4.40839748720809e-06
0.00203193007113593 4.9137958560759e-06
0.00208939260681971 4.9596282917687e-06
0.00228937861938477 5.38800398251325e-06
0.00243486713141662 5.88517493747137e-06
0.00296153645828559 6.86031027447283e-06
0.00476822577422577 1.15502360591475e-05
0.00611401796860048 1.37557679002613e-05
0.00664395603867258 1.54425212515121e-05
0.00693235164547635 1.67327192149856e-05
0.00709480918918949 1.76053852830498e-05
0.00751760239338716 1.76881392883129e-05
0.00763833366512998 1.77888457613768e-05
0.00774383216678035 1.91005860490406e-05
