Temperatura MagneticField Magnetization Magnetization2
1 0.002475 0.002460188 9.845326e-06
1 0.00495 0.004948259 2.828479e-05
1 0.007425 0.007429629 5.899633e-05
1 0.0099 0.00989895 0.0001017935
1 0.012375 0.01238255 0.0001571479
1 0.01485 0.01485681 0.0002244972
1 0.017325 0.01733165 0.0003042055
1 0.0198 0.01979287 0.0003955888
1 0.022275 0.02225513 0.0004991057
1 0.02475 0.02475428 0.0006165696
1 0.027225 0.02722608 0.0007450587
1 0.0297 0.02968866 0.0008851958
1 0.032175 0.03216404 0.001038321
1 0.03465 0.03463554 0.001203409
1 0.037125 0.03711037 0.001381012
1 0.0396 0.03957005 0.001569607
1 0.042075 0.04205437 0.001772369
1 0.04455 0.04452558 0.001986328
1 0.047025 0.04697984 0.00221093
1 0.0495 0.04946302 0.002450432
1 0.051975 0.05192968 0.002700487
1 0.05445 0.05439057 0.002962195
1 0.056925 0.05686547 0.003237483
1 0.0594 0.05932717 0.003523509
1 0.061875 0.06179651 0.003822579
1 0.06435 0.06425805 0.004132878
1 0.066825 0.06671824 0.00445517
1 0.0693 0.06918903 0.004790928
1 0.071775 0.0716522 0.00513781
1 0.07425 0.07410848 0.005495876
1 0.076725 0.07657069 0.005866844
1 0.0792 0.07903488 0.006250284
1 0.081675 0.08148938 0.006644328
1 0.08415 0.08396843 0.007054462
1 0.086625 0.08641291 0.007470973
1 0.0891 0.08884321 0.007896883
1 0.091575 0.09132973 0.008344902
1 0.09405 0.09377025 0.008796639
1 0.096525 0.0962233 0.009262726
1 0.099 0.09867844 0.009741196
1 0.102475 0.1021264 0.01043356
1 0.10495 0.1045744 0.01093955
1 0.107425 0.1070214 0.01145733
1 0.1099 0.1094604 0.01198535
1 0.112375 0.1119043 0.01252636
1 0.11485 0.1143404 0.01307746
1 0.117325 0.1167778 0.01364081
1 0.1198 0.1192364 0.01422112
1 0.122275 0.1216637 0.01480581
1 0.12475 0.1241099 0.01540702
1 0.127225 0.126546 0.01601764
1 0.1297 0.1289751 0.01663834
1 0.132175 0.1314184 0.01727455
1 0.13465 0.133842 0.01791742
1 0.137125 0.1362735 0.01857418
1 0.1396 0.1386971 0.01924062
1 0.142075 0.1411202 0.01991864
1 0.14455 0.1435419 0.020608
1 0.147025 0.1459707 0.02131116
1 0.1495 0.1483824 0.02202105
1 0.151975 0.1508183 0.02274988
1 0.15445 0.1532438 0.02348735
1 0.156925 0.1556427 0.02422836
1 0.1594 0.1580615 0.02498711
1 0.161875 0.1604893 0.02576055
1 0.16435 0.1628913 0.02653733
1 0.166825 0.165299 0.02732746
1 0.1693 0.1676981 0.02812637
1 0.171775 0.1701103 0.02894121
1 0.17425 0.172511 0.02976371
1 0.176725 0.1748981 0.03059305
1 0.1792 0.177319 0.03144573
1 0.181675 0.1797044 0.03229735
1 0.18415 0.182093 0.03316158
1 0.186625 0.1844889 0.03403986
1 0.1891 0.1868809 0.03492817
1 0.191575 0.1892509 0.0358196
1 0.19405 0.1916561 0.03673573
1 0.196525 0.1940331 0.03765253
1 0.199 0.1964068 0.03857927
0.5 0.002475 0.004951469 2.835089e-05
0.5 0.00495 0.009886514 0.0001015552
0.5 0.007425 0.01485137 0.0002243826
0.5 0.0099 0.01980398 0.0003959878
0.5 0.012375 0.02475668 0.000616716
0.5 0.01485 0.0296893 0.0008852597
0.5 0.017325 0.03464263 0.001203906
0.5 0.0198 0.03958862 0.001571061
0.5 0.022275 0.04452341 0.001986155
0.5 0.02475 0.0494676 0.002450843
0.5 0.027225 0.05440612 0.00296381
0.5 0.0297 0.05933169 0.003524053
0.5 0.032175 0.06425887 0.004132967
0.5 0.03465 0.06918691 0.004790628
0.5 0.037125 0.07411683 0.005497117
0.5 0.0396 0.07902016 0.00624797
0.5 0.042075 0.08394964 0.007051332
0.5 0.04455 0.08886216 0.007900264
0.5 0.047025 0.09378851 0.008800062
0.5 0.0495 0.09867582 0.0097407
0.5 0.051975 0.103579 0.01073236
0.5 0.05445 0.1084798 0.01177166
0.5 0.056925 0.1133492 0.0128518
0.5 0.0594 0.1182427 0.01398508
0.5 0.061875 0.1231381 0.01516674
0.5 0.06435 0.127998 0.01638725
0.5 0.066825 0.132861 0.01765577
0.5 0.0693 0.1377167 0.01896964
0.5 0.071775 0.1425763 0.02033171
0.5 0.07425 0.1474129 0.02173429
0.5 0.076725 0.152251 0.02318409
0.5 0.0792 0.1570837 0.02467901
0.5 0.081675 0.1619122 0.02621925
0.5 0.08415 0.1667331 0.02780364
0.5 0.086625 0.1715325 0.0294271
0.5 0.0891 0.1763411 0.03109987
0.5 0.091575 0.1811239 0.03280957
0.5 0.09405 0.1859105 0.03456643
0.5 0.096525 0.1906877 0.03636548
0.5 0.099 0.1954472 0.0382033
0.5 0.102475 0.2021206 0.04085641
0.5 0.10495 0.206877 0.04280175
0.5 0.107425 0.211607 0.04478113
0.5 0.1099 0.216335 0.04680445
0.5 0.112375 0.2210441 0.0488641
0.5 0.11485 0.225744 0.05096394
0.5 0.117325 0.2304414 0.05310686
0.5 0.1198 0.2351132 0.05528185
0.5 0.122275 0.2398042 0.05750968
0.5 0.12475 0.24444 0.05975452
0.5 0.127225 0.2491078 0.06205833
0.5 0.1297 0.2537378 0.06438642
0.5 0.132175 0.2583537 0.06675018
0.5 0.13465 0.2629817 0.06916295
0.5 0.137125 0.2675804 0.07160285
0.5 0.1396 0.2721654 0.0740775
0.5 0.142075 0.2767376 0.07658722
0.5 0.14455 0.2813031 0.07913494
0.5 0.147025 0.2858702 0.08172523
0.5 0.1495 0.2904031 0.08433743
0.5 0.151975 0.2949247 0.08698405
0.5 0.15445 0.2994374 0.08966623
0.5 0.156925 0.3039309 0.09237744
0.5 0.1594 0.3084155 0.09512355
0.5 0.161875 0.3128901 0.09790366
0.5 0.16435 0.3173456 0.1007117
0.5 0.166825 0.3217935 0.1035545
0.5 0.1693 0.326238 0.1064346
0.5 0.171775 0.3306565 0.1093371
0.5 0.17425 0.3350361 0.1122525
0.5 0.176725 0.3394344 0.115219
0.5 0.1792 0.3437973 0.1182
0.5 0.181675 0.3481623 0.1212204
0.5 0.18415 0.3524936 0.124255
0.5 0.186625 0.3568377 0.1273365
0.5 0.1891 0.3611255 0.130415
0.5 0.191575 0.3654324 0.1335441
0.5 0.19405 0.3697274 0.1367017
0.5 0.196525 0.373985 0.139868
0.5 0.199 0.3782451 0.1430727
0.9 0.002475 0.002746942 1.134625e-05
0.9 0.00495 0.005495577 3.401147e-05
0.9 0.007425 0.008253087 7.192006e-05
0.9 0.0099 0.01100038 0.0001247994
0.9 0.012375 0.01375045 0.0001929079
0.9 0.01485 0.01649562 0.0002759131
0.9 0.017325 0.01924391 0.0003741408
0.9 0.0198 0.02199513 0.0004875916
0.9 0.022275 0.02475057 0.0006163988
0.9 0.02475 0.02749567 0.0007598693
0.9 0.027225 0.03024589 0.0009186179
0.9 0.0297 0.03298751 0.001091959
0.9 0.032175 0.03574459 0.001281537
0.9 0.03465 0.03849397 0.001485581
0.9 0.037125 0.04124097 0.001704628
0.9 0.0396 0.04397447 0.001937555
0.9 0.042075 0.04672518 0.002187065
0.9 0.04455 0.04947171 0.002451247
0.9 0.047025 0.05221303 0.002729981
0.9 0.0495 0.05494701 0.003022986
0.9 0.051975 0.05768406 0.003331234
0.9 0.05445 0.06043403 0.003656067
0.9 0.056925 0.06317032 0.003994275
0.9 0.0594 0.06590283 0.00434703
0.9 0.061875 0.06864016 0.004715252
0.9 0.06435 0.07137064 0.00509759
0.9 0.066825 0.07410932 0.005495989
0.9 0.0693 0.07685778 0.005910906
0.9 0.071775 0.07957098 0.006335307
0.9 0.07425 0.08231096 0.006778907
0.9 0.076725 0.08504421 0.007236313
0.9 0.0792 0.08778536 0.00771005
0.9 0.081675 0.09049243 0.008192699
0.9 0.08415 0.09322015 0.008693733
0.9 0.086625 0.09594181 0.009208638
0.9 0.0891 0.09866677 0.009738899
0.9 0.091575 0.1014152 0.01028881
0.9 0.09405 0.1041212 0.01084502
0.9 0.096525 0.1068269 0.01141574
0.9 0.099 0.1095549 0.01200605
0.9 0.102475 0.1133786 0.01285847
0.9 0.10495 0.1160851 0.01347954
0.9 0.107425 0.1187913 0.01411509
0.9 0.1099 0.121515 0.01476967
0.9 0.112375 0.1242132 0.01543268
0.9 0.11485 0.1269125 0.01611051
0.9 0.117325 0.1296269 0.01680689
0.9 0.1198 0.1323356 0.01751648
0.9 0.122275 0.1350427 0.01824028
0.9 0.12475 0.1377259 0.01897218
0.9 0.127225 0.140419 0.01972121
0.9 0.1297 0.1431165 0.02048608
0.9 0.132175 0.1458183 0.02126672
0.9 0.13465 0.1484982 0.02205546
0.9 0.137125 0.1511893 0.02286193
0.9 0.1396 0.1538789 0.02368245
0.9 0.142075 0.1565604 0.02451485
0.9 0.14455 0.1592316 0.02535845
0.9 0.147025 0.1619265 0.02622388
0.9 0.1495 0.1645965 0.02709573
0.9 0.151975 0.1672633 0.02798074
0.9 0.15445 0.1699391 0.02888299
0.9 0.156925 0.1726167 0.02980023
0.9 0.1594 0.1752823 0.0307276
0.9 0.161875 0.177942 0.03166701
0.9 0.16435 0.180607 0.03262263
0.9 0.166825 0.1832719 0.03359226
0.9 0.1693 0.1859215 0.03457047
0.9 0.171775 0.1885763 0.03556466
0.9 0.17425 0.1912203 0.03656887
0.9 0.176725 0.1938777 0.03759223
0.9 0.1792 0.1965312 0.03862817
0.9 0.181675 0.1991701 0.03967239
0.9 0.18415 0.2017997 0.04072676
0.9 0.186625 0.2044584 0.04180689
0.9 0.1891 0.207071 0.04288205
0.9 0.191575 0.2097077 0.04398096
0.9 0.19405 0.2123377 0.04509094
0.9 0.196525 0.2149508 0.04620753
0.9 0.199 0.2175812 0.04734524
0.7 0.002475 0.003533765 1.631711e-05
0.7 0.00495 0.007072691 5.383901e-05
0.7 0.007425 0.01060113 0.000116211
0.7 0.0099 0.01414909 0.0002040366
0.7 0.012375 0.01766813 0.0003159697
0.7 0.01485 0.02120999 0.0004536587
0.7 0.017325 0.02474636 0.0006162048
0.7 0.0198 0.02827922 0.0008035198
0.7 0.022275 0.03181338 0.001015915
0.7 0.02475 0.03534773 0.001253264
0.7 0.027225 0.03888101 0.00151551
0.7 0.0297 0.04239918 0.001801492
0.7 0.032175 0.04592583 0.002112995
0.7 0.03465 0.04945738 0.002449846
0.7 0.037125 0.05299362 0.00281212
0.7 0.0396 0.05650934 0.003197094
0.7 0.042075 0.06003665 0.003608174
0.7 0.04455 0.06355555 0.004043124
0.7 0.047025 0.06709116 0.00450502
0.7 0.0495 0.07060767 0.004989237
0.7 0.051975 0.07412231 0.005497898
0.7 0.05445 0.07762678 0.006029706
0.7 0.056925 0.0811424 0.006587873
0.7 0.0594 0.08466108 0.007171271
0.7 0.061875 0.08816946 0.007777643
0.7 0.06435 0.09167311 0.008407734
0.7 0.066825 0.09519029 0.009064977
0.7 0.0693 0.09867821 0.009741164
0.7 0.071775 0.10217 0.01044248
0.7 0.07425 0.1056821 0.01117247
0.7 0.076725 0.1091696 0.01192179
0.7 0.0792 0.1126689 0.01269801
0.7 0.081675 0.1161408 0.01349245
0.7 0.08415 0.1196481 0.01431944
0.7 0.086625 0.1231233 0.01516309
0.7 0.0891 0.1266019 0.01603176
0.7 0.091575 0.130087 0.0169264
0.7 0.09405 0.1335442 0.01783779
0.7 0.096525 0.1370258 0.0187798
0.7 0.099 0.1404918 0.01974167
0.7 0.102475 0.145359 0.02113294
0.7 0.10495 0.1488075 0.02214736
0.7 0.107425 0.1522647 0.02318828
0.7 0.1099 0.1557222 0.02425313
0.7 0.112375 0.1591728 0.02533969
0.7 0.11485 0.1626179 0.02644829
0.7 0.117325 0.1660633 0.02758076
0.7 0.1198 0.1694908 0.02873083
0.7 0.122275 0.1729299 0.02990847
0.7 0.12475 0.1763417 0.03110012
0.7 0.127225 0.1797733 0.03232214
0.7 0.1297 0.1831854 0.03356058
0.7 0.132175 0.1866001 0.03482328
0.7 0.13465 0.1900154 0.03610954
0.7 0.137125 0.1934355 0.03742097
0.7 0.1396 0.1968264 0.0387443
0.7 0.142075 0.2002228 0.04009284
0.7 0.14455 0.2036201 0.04146483
0.7 0.147025 0.2070001 0.04285269
0.7 0.1495 0.2103743 0.04426099
0.7 0.151975 0.2137641 0.04569873
0.7 0.15445 0.2171299 0.04714902
0.7 0.156925 0.2204948 0.04862159
0.7 0.1594 0.2238491 0.05011203
0.7 0.161875 0.2272229 0.05163387
0.7 0.16435 0.2305711 0.05316668
0.7 0.166825 0.2339046 0.05471501
0.7 0.1693 0.2372417 0.05628725
0.7 0.171775 0.2405718 0.05787842
0.7 0.17425 0.2439076 0.05949451
0.7 0.176725 0.247236 0.06112924
0.7 0.1792 0.2505436 0.0627757
0.7 0.181675 0.2538587 0.06444778
0.7 0.18415 0.2571768 0.06614345
0.7 0.186625 0.2604564 0.06784107
0.7 0.1891 0.2637569 0.06957124
0.7 0.191575 0.2670473 0.07131782
0.7 0.19405 0.2703285 0.07308105
0.7 0.196525 0.2735988 0.07485981
0.7 0.199 0.2768659 0.07665824
0.6 0.002475 0.00412095 2.078361e-05
0.6 0.00495 0.008245509 7.17835e-05
0.6 0.007425 0.01236788 0.0001567775
0.6 0.0099 0.0164894 0.0002756979
0.6 0.012375 0.02062777 0.0004293499
0.6 0.01485 0.02473524 0.0006156456
0.6 0.017325 0.02885581 0.0008364535
0.6 0.0198 0.03299856 0.001092708
0.6 0.022275 0.03710293 0.001380417
0.6 0.02475 0.04124406 0.001704889
0.6 0.027225 0.04535258 0.002060658
0.6 0.0297 0.04944235 0.002448356
0.6 0.032175 0.05357013 0.002873557
0.6 0.03465 0.05767922 0.003330693
0.6 0.037125 0.0617899 0.003821794
0.6 0.0396 0.06590047 0.004346663
0.6 0.042075 0.07000452 0.004904404
0.6 0.04455 0.07411677 0.005497089
0.6 0.047025 0.0782124 0.006120972
0.6 0.0495 0.08230919 0.006778579
0.6 0.051975 0.08641807 0.007471874
0.6 0.05445 0.09050868 0.008195616
0.6 0.056925 0.0945944 0.008951887
0.6 0.0594 0.09867485 0.009740541
0.6 0.061875 0.1027661 0.01056463
0.6 0.06435 0.1068374 0.01141797
0.6 0.066825 0.1109188 0.01230676
0.6 0.0693 0.1149953 0.01322768
0.6 0.071775 0.1190587 0.01417871
0.6 0.07425 0.1231123 0.01516038
0.6 0.076725 0.1271807 0.01617865
0.6 0.0792 0.131235 0.01722639
0.6 0.081675 0.1352731 0.01830256
0.6 0.08415 0.1393434 0.01942032
0.6 0.086625 0.1433924 0.02056511
0.6 0.0891 0.1474232 0.02173733
0.6 0.091575 0.1514514 0.02294125
0.6 0.09405 0.1554799 0.0241777
0.6 0.096525 0.1595006 0.02544414
0.6 0.099 0.1635164 0.02674131
0.6 0.102475 0.1691498 0.02861533
0.6 0.10495 0.1731465 0.02998342
0.6 0.107425 0.1771424 0.03138315
0.6 0.1099 0.181134 0.03281321
0.6 0.112375 0.1851315 0.03427738
0.6 0.11485 0.1891155 0.03576834
0.6 0.117325 0.1930924 0.03728837
0.6 0.1198 0.1970549 0.0388343
0.6 0.122275 0.2010077 0.04040776
0.6 0.12475 0.2049655 0.04201452
0.6 0.127225 0.2089257 0.0436536
0.6 0.1297 0.212858 0.04531215
0.6 0.132175 0.2167982 0.04700505
0.6 0.13465 0.220723 0.04872226
0.6 0.137125 0.2246527 0.05047248
0.6 0.1396 0.2285476 0.0522376
0.6 0.142075 0.232471 0.05404638
0.6 0.14455 0.2363545 0.05586702
0.6 0.147025 0.240253 0.05772514
0.6 0.1495 0.2441398 0.05960784
0.6 0.151975 0.2480093 0.06151219
0.6 0.15445 0.2518739 0.06344408
0.6 0.156925 0.2557267 0.0653997
0.6 0.1594 0.2595874 0.06738916
0.6 0.161875 0.2634276 0.06939764
0.6 0.16435 0.2672595 0.07143118
0.6 0.166825 0.2710863 0.07349133
0.6 0.1693 0.2748993 0.07557313
0.6 0.171775 0.2787095 0.07768252
0.6 0.17425 0.2825201 0.07982112
0.6 0.176725 0.2863055 0.08197434
0.6 0.1792 0.2900968 0.08415964
0.6 0.181675 0.2938689 0.0863624
0.6 0.18415 0.2976371 0.08859134
0.6 0.186625 0.3013707 0.09082778
0.6 0.1891 0.3051194 0.09310131
0.6 0.191575 0.3088565 0.09539581
0.6 0.19405 0.31259 0.09771597
0.6 0.196525 0.3163097 0.1000553
0.6 0.199 0.3200087 0.102409
0.4 0.002475 0.006171171 4.186381e-05
0.4 0.00495 0.01237116 0.0001568781
0.4 0.007425 0.01855054 0.0003479236
0.4 0.0099 0.02474535 0.000616096
0.4 0.012375 0.03092441 0.0009601071
0.4 0.01485 0.03709945 0.00138021
0.4 0.017325 0.04328255 0.001877172
0.4 0.0198 0.04945711 0.002449809
0.4 0.022275 0.05563625 0.003099177
0.4 0.02475 0.06178677 0.003821406
0.4 0.027225 0.06795954 0.00462233
0.4 0.0297 0.07411392 0.005496701
0.4 0.032175 0.0802679 0.006446709
0.4 0.03465 0.08640334 0.007469341
0.4 0.037125 0.09255708 0.008570604
0.4 0.0396 0.09868036 0.009741575
0.4 0.042075 0.1048017 0.01098719
0.4 0.04455 0.1108948 0.01230143
0.4 0.047025 0.1170095 0.013695
0.4 0.0495 0.1231108 0.01516002
0.4 0.051975 0.1292272 0.0167034
0.4 0.05445 0.1352816 0.01830487
0.4 0.056925 0.1413576 0.01998571
0.4 0.0594 0.1474202 0.02173646
0.4 0.061875 0.1534635 0.02355477
0.4 0.06435 0.1594867 0.02543973
0.4 0.066825 0.1655413 0.02740762
0.4 0.0693 0.1715267 0.02942512
0.4 0.071775 0.1775349 0.03152235
0.4 0.07425 0.1835225 0.03368421
0.4 0.076725 0.1894894 0.0359099
0.4 0.0792 0.1954512 0.03820487
0.4 0.081675 0.2013998 0.04056556
0.4 0.08415 0.2073345 0.04299129
0.4 0.086625 0.2132302 0.04547078
0.4 0.0891 0.2191401 0.04802601
0.4 0.091575 0.2250138 0.05063485
0.4 0.09405 0.2308793 0.05330885
0.4 0.096525 0.2367364 0.05604772
0.4 0.099 0.2425616 0.05883978
0.4 0.102475 0.2507291 0.06286861
0.4 0.10495 0.2565196 0.06580585
0.4 0.107425 0.2622954 0.0688024
0.4 0.1099 0.2680342 0.07184589
0.4 0.112375 0.2737687 0.07495282
0.4 0.11485 0.2794904 0.07811838
0.4 0.117325 0.2851836 0.0813332
0.4 0.1198 0.2908621 0.08460429
0.4 0.122275 0.2965071 0.08791997
0.4 0.12475 0.3021475 0.09129655
0.4 0.127225 0.3077608 0.09472014
0.4 0.1297 0.3133489 0.09819098
0.4 0.132175 0.3189158 0.1017107
0.4 0.13465 0.324468 0.1052829
0.4 0.137125 0.3299842 0.108893
0.4 0.1396 0.3354862 0.1125544
0.4 0.142075 0.3409705 0.1162642
0.4 0.14455 0.3464252 0.1200138
0.4 0.147025 0.3518692 0.1238152
0.4 0.1495 0.3572587 0.1276371
0.4 0.151975 0.3626658 0.1315298
0.4 0.15445 0.3680201 0.1354421
0.4 0.156925 0.3733407 0.1393866
0.4 0.1594 0.3786609 0.1433874
0.4 0.161875 0.3839475 0.147419
0.4 0.16435 0.3892061 0.1514846
0.4 0.166825 0.3944529 0.1555963
0.4 0.1693 0.3996449 0.1597192
0.4 0.171775 0.4048505 0.1639071
0.4 0.17425 0.4100012 0.1681042
0.4 0.176725 0.4151428 0.1723467
0.4 0.1792 0.4202369 0.1766022
0.4 0.181675 0.4253197 0.1809
0.4 0.18415 0.4303879 0.1852369
0.4 0.186625 0.4354145 0.1895889
0.4 0.1891 0.4404296 0.1939813
0.4 0.191575 0.4453905 0.1983758
0.4 0.19405 0.4503428 0.2028117
0.4 0.196525 0.4552627 0.2072672
0.4 0.199 0.4601344 0.2117266
0.3 0.002475 0.008246091 7.179487e-05
0.3 0.00495 0.0164949 0.0002758801
0.3 0.007425 0.02475362 0.0006165557
0.3 0.0099 0.03299095 0.001092199
0.3 0.012375 0.04122899 0.00170364
0.3 0.01485 0.04943348 0.002447464
0.3 0.017325 0.05769093 0.003332057
0.3 0.0198 0.06590371 0.004347093
0.3 0.022275 0.07411276 0.005496476
0.3 0.02475 0.0823167 0.006779797
0.3 0.027225 0.09052549 0.008198642
0.3 0.0297 0.09866772 0.00973909
0.3 0.032175 0.1068385 0.01141822
0.3 0.03465 0.1149894 0.01322632
0.3 0.037125 0.123134 0.01516574
0.3 0.0396 0.1312278 0.01722447
0.3 0.042075 0.1393486 0.01942175
0.3 0.04455 0.1474205 0.02173651
0.3 0.047025 0.1554722 0.02417534
0.3 0.0495 0.1635221 0.02674319
0.3 0.051975 0.1715384 0.02942912
0.3 0.05445 0.1795252 0.03223304
0.3 0.056925 0.187504 0.0351614
0.3 0.0594 0.1954461 0.03820285
0.3 0.061875 0.2033679 0.04136217
0.3 0.06435 0.2112673 0.04463751
0.3 0.066825 0.2191379 0.04802503
0.3 0.0693 0.2269836 0.05152521
0.3 0.071775 0.2347889 0.05512943
0.3 0.07425 0.2425523 0.05883523
0.3 0.076725 0.2503191 0.06266324
0.3 0.0792 0.2580297 0.06658291
0.3 0.081675 0.2657141 0.07060755
0.3 0.08415 0.2733458 0.07472142
0.3 0.086625 0.28098 0.07895328
0.3 0.0891 0.2885577 0.08326904
0.3 0.091575 0.296111 0.08768522
0.3 0.09405 0.3036054 0.09217967
0.3 0.096525 0.3110899 0.09678036
0.3 0.099 0.3185282 0.1014637
0.3 0.102475 0.3288897 0.1081719
0.3 0.10495 0.3362329 0.1130559
0.3 0.107425 0.3435159 0.1180066
0.3 0.1099 0.3507836 0.1230525
0.3 0.112375 0.3579998 0.1281671
0.3 0.11485 0.3651583 0.1333439
0.3 0.117325 0.3722955 0.1386072
0.3 0.1198 0.379388 0.1439385
0.3 0.122275 0.3864225 0.1493256
0.3 0.12475 0.3934066 0.154772
0.3 0.127225 0.4003648 0.1602951
0.3 0.1297 0.40726 0.1658639
0.3 0.132175 0.4141355 0.1715114
0.3 0.13465 0.4209469 0.1771994
0.3 0.137125 0.4276993 0.1829298
0.3 0.1396 0.4344258 0.1887289
0.3 0.142075 0.4410772 0.1945522
0.3 0.14455 0.4477217 0.2004578
0.3 0.147025 0.4542823 0.2063754
0.3 0.1495 0.4608004 0.21234
0.3 0.151975 0.4672781 0.2183518
0.3 0.15445 0.4736932 0.2243882
0.3 0.156925 0.4800763 0.2304762
0.3 0.1594 0.4863957 0.2365837
0.3 0.161875 0.4926812 0.2427377
0.3 0.16435 0.4988886 0.2488927
0.3 0.166825 0.5050794 0.255108
0.3 0.1693 0.5111828 0.2613106
0.3 0.171775 0.5172617 0.2675624
0.3 0.17425 0.5232698 0.273814
0.3 0.176725 0.5292403 0.280098
0.3 0.1792 0.5351394 0.286377
0.3 0.181675 0.5410056 0.2926897
0.3 0.18415 0.5468187 0.2990134
0.3 0.186625 0.5525751 0.3053419
0.3 0.1891 0.5582782 0.3116772
0.3 0.191575 0.5639366 0.318027
0.3 0.19405 0.5695305 0.3243675
0.3 0.196525 0.5750842 0.3307244
0.3 0.199 0.5805655 0.3370588
0.8 0.002475 0.003091952 1.334422e-05
0.8 0.00495 0.006193096 4.218007e-05
0.8 0.007425 0.009278679 8.990979e-05
0.8 0.0099 0.01238102 0.00015711
0.8 0.012375 0.01546786 0.0002430721
0.8 0.01485 0.01855011 0.0003478926
0.8 0.017325 0.02165447 0.0004727461
0.8 0.0198 0.02474164 0.000615964
0.8 0.022275 0.02783985 0.000778861
0.8 0.02475 0.03093421 0.000960716
0.8 0.027225 0.03401033 0.001160515
0.8 0.0297 0.03712941 0.001382407
0.8 0.032175 0.04020031 0.001619905
0.8 0.03465 0.04328424 0.00187735
0.8 0.037125 0.04636885 0.002153876
0.8 0.0396 0.04945402 0.002449488
0.8 0.042075 0.05255116 0.002765442
0.8 0.04455 0.05562624 0.003098093
0.8 0.047025 0.05871101 0.003450802
0.8 0.0495 0.06179219 0.003822051
0.8 0.051975 0.06488087 0.004213369
0.8 0.05445 0.06795617 0.00462185
0.8 0.056925 0.07102498 0.005048368
0.8 0.0594 0.07411774 0.005497249
0.8 0.061875 0.07719481 0.005962823
0.8 0.06435 0.08025296 0.006444311
0.8 0.066825 0.08334291 0.006949829
0.8 0.0693 0.08642605 0.007473267
0.8 0.071775 0.08947772 0.008010052
0.8 0.07425 0.09255106 0.008569496
0.8 0.076725 0.09560985 0.009145013
0.8 0.0792 0.0986836 0.009742245
0.8 0.081675 0.1017361 0.010354
0.8 0.08415 0.1048112 0.01098913
0.8 0.086625 0.1078549 0.01163647
0.8 0.0891 0.1109047 0.01230364
0.8 0.091575 0.1139703 0.012993
0.8 0.09405 0.1170186 0.01369712
0.8 0.096525 0.1200733 0.01442135
0.8 0.099 0.1231288 0.01516446
0.8 0.102475 0.1274158 0.01623851
0.8 0.10495 0.1304214 0.01701351
0.8 0.107425 0.1334858 0.01782219
0.8 0.1099 0.1365274 0.01864348
0.8 0.112375 0.1395573 0.01947999
0.8 0.11485 0.1425707 0.02033013
0.8 0.117325 0.1456125 0.02120675
0.8 0.1198 0.148645 0.02209904
0.8 0.122275 0.1516762 0.0230094
0.8 0.12475 0.1546915 0.02393321
0.8 0.127225 0.1576975 0.02487224
0.8 0.1297 0.160724 0.0258359
0.8 0.132175 0.1637288 0.02681083
0.8 0.13465 0.166741 0.02780626
0.8 0.137125 0.1697424 0.02881619
0.8 0.1396 0.1727444 0.0298443
0.8 0.142075 0.1757444 0.03088983
0.8 0.14455 0.1787444 0.03195326
0.8 0.147025 0.1817403 0.03303322
0.8 0.1495 0.1847168 0.03412397
0.8 0.151975 0.1877242 0.03524409
0.8 0.15445 0.1906935 0.0363677
0.8 0.156925 0.193688 0.0375187
0.8 0.1594 0.1966612 0.03867933
0.8 0.161875 0.1996326 0.03985686
0.8 0.16435 0.2025997 0.04105031
0.8 0.166825 0.2055512 0.04225492
0.8 0.1693 0.2085141 0.04348181
0.8 0.171775 0.2114548 0.04471677
0.8 0.17425 0.2144325 0.04598493
0.8 0.176725 0.217383 0.04725898
0.8 0.1792 0.2203311 0.0485494
0.8 0.181675 0.2232683 0.04985236
0.8 0.18415 0.2262014 0.05117067
0.8 0.186625 0.2291406 0.05250902
0.8 0.1891 0.2320663 0.05385839
0.8 0.191575 0.2350002 0.05522868
0.8 0.19405 0.237918 0.05660859
0.8 0.196525 0.2408302 0.05800277
0.8 0.199 0.2437386 0.05941205
0.06 0.002475 0.04121841 0.001702764
0.06 0.00495 0.08231926 0.006780248
0.06 0.007425 0.1231156 0.01516118
0.06 0.0099 0.1635137 0.02674044
0.06 0.012375 0.2033762 0.04136558
0.06 0.01485 0.2425699 0.05884373
0.06 0.017325 0.2809831 0.07895506
0.06 0.0198 0.3185289 0.1014641
0.06 0.022275 0.3551 0.1260993
0.06 0.02475 0.3906095 0.152579
0.06 0.027225 0.4249725 0.1806048
0.06 0.0297 0.4581687 0.2099216
0.06 0.032175 0.490138 0.2402381
0.06 0.03465 0.5208542 0.2712919
0.06 0.037125 0.5502616 0.3027904
0.06 0.0396 0.5783671 0.334511
0.06 0.042075 0.6051506 0.3662096
0.06 0.04455 0.6306544 0.3977273
0.06 0.047025 0.6548502 0.428831
0.06 0.0495 0.6777806 0.4593886
0.06 0.051975 0.6994768 0.4892697
0.06 0.05445 0.7199309 0.5183024
0.06 0.056925 0.7392172 0.5464438
0.06 0.0594 0.7573731 0.5736156
0.06 0.061875 0.7744087 0.5997104
0.06 0.06435 0.7904006 0.6247345
0.06 0.066825 0.8053887 0.6486522
0.06 0.0693 0.8194055 0.6714266
0.06 0.071775 0.8325032 0.6930628
0.06 0.07425 0.8447369 0.7135814
0.06 0.076725 0.8561492 0.7329924
0.06 0.0792 0.8667821 0.7513122
0.06 0.081675 0.8766834 0.7685747
0.06 0.08415 0.8858869 0.7847965
0.06 0.086625 0.8944508 0.800043
0.06 0.0891 0.9024051 0.8143356
0.06 0.091575 0.9097827 0.8277051
0.06 0.09405 0.9166245 0.840201
0.06 0.096525 0.9229777 0.8518885
0.06 0.099 0.9288578 0.8627773
0.06 0.102475 0.9363875 0.8768221
0.06 0.10495 0.9412832 0.8860144
0.06 0.107425 0.945799 0.8945362
0.06 0.1099 0.9499863 0.9024743
0.06 0.112375 0.9538584 0.9098462
0.06 0.11485 0.9574309 0.9166743
0.06 0.117325 0.9607341 0.9230103
0.06 0.1198 0.9637962 0.9289034
0.06 0.122275 0.9666132 0.9343413
0.06 0.12475 0.9692111 0.9393703
0.06 0.127225 0.9716194 0.9440444
0.06 0.1297 0.9738382 0.948361
0.06 0.132175 0.9758779 0.9523379
0.06 0.13465 0.9777741 0.9560424
0.06 0.137125 0.9795144 0.9594486
0.06 0.1396 0.9811213 0.9625992
0.06 0.142075 0.9826036 0.96551
0.06 0.14455 0.9839675 0.9681921
0.06 0.147025 0.9852264 0.9706712
0.06 0.1495 0.9863922 0.9729697
0.06 0.151975 0.9874611 0.9750794
0.06 0.15445 0.9884497 0.977033
0.06 0.156925 0.9893587 0.9788306
0.06 0.1594 0.9901997 0.9804956
0.06 0.161875 0.9909695 0.9820207
0.06 0.16435 0.9916822 0.9834336
0.06 0.166825 0.9923373 0.9847333
0.06 0.1693 0.992942 0.9859339
0.06 0.171775 0.9935005 0.9870432
0.06 0.17425 0.994012 0.9880598
0.06 0.176725 0.9944877 0.9890059
0.06 0.1792 0.9949229 0.9898717
0.06 0.181675 0.9953227 0.9906673
0.06 0.18415 0.9956924 0.9914034
0.06 0.186625 0.9960328 0.9920813
0.06 0.1891 0.9963454 0.9927042
0.06 0.191575 0.9966354 0.9932822
0.06 0.19405 0.9968995 0.9938087
0.06 0.196525 0.997146 0.9943001
0.06 0.199 0.9973709 0.9947486
0.05 0.002475 0.04944562 0.002448655
0.05 0.00495 0.09867822 0.009741209
0.05 0.007425 0.1474094 0.02173328
0.05 0.0099 0.1954493 0.0382041
0.05 0.012375 0.2425733 0.0588454
0.05 0.01485 0.288559 0.08326978
0.05 0.017325 0.3332562 0.1110631
0.05 0.0198 0.3765266 0.1417756
0.05 0.022275 0.4181949 0.1748901
0.05 0.02475 0.4581702 0.209923
0.05 0.027225 0.4963969 0.2464127
0.05 0.0297 0.5327519 0.2838273
0.05 0.032175 0.567265 0.3217921
0.05 0.03465 0.5999022 0.3598851
0.05 0.037125 0.6306562 0.3977295
0.05 0.0396 0.6595431 0.4349992
0.05 0.042075 0.6866085 0.4714333
0.05 0.04455 0.7118908 0.5067904
0.05 0.047025 0.7354537 0.5408938
0.05 0.0495 0.7573571 0.5735913
0.05 0.051975 0.7776835 0.6047931
0.05 0.05445 0.7965145 0.6344367
0.05 0.056925 0.8139051 0.6624429
0.05 0.0594 0.8299616 0.6888375
0.05 0.061875 0.8447388 0.7135848
0.05 0.06435 0.8583439 0.7367553
0.05 0.066825 0.8708302 0.7583461
0.05 0.0693 0.8822824 0.7784231
0.05 0.071775 0.8927907 0.797076
0.05 0.07425 0.9023974 0.8143218
0.05 0.076725 0.9111931 0.8302736
0.05 0.0792 0.919222 0.8449697
0.05 0.081675 0.92656 0.858514
0.05 0.08415 0.9332514 0.8709586
0.05 0.086625 0.9393459 0.8823712
0.05 0.0891 0.9449173 0.8928692
0.05 0.091575 0.9499712 0.9024457
0.05 0.09405 0.9545795 0.9112223
0.05 0.096525 0.9587711 0.9192424
0.05 0.099 0.9625831 0.9265665
0.05 0.102475 0.967365 0.9357952
0.05 0.10495 0.970389 0.9416551
0.05 0.107425 0.9731473 0.9470158
0.05 0.1099 0.9756465 0.9518863
0.05 0.112375 0.9779164 0.9563206
0.05 0.11485 0.9799778 0.9603567
0.05 0.117325 0.9818458 0.9640214
0.05 0.1198 0.9835473 0.9673655
0.05 0.122275 0.985084 0.9703906
0.05 0.12475 0.9864811 0.973145
0.05 0.127225 0.9877464 0.9756431
0.05 0.1297 0.9888956 0.9779145
0.05 0.132175 0.9899378 0.979977
0.05 0.13465 0.9908814 0.9818461
0.05 0.137125 0.9917382 0.9835447
0.05 0.1396 0.9925138 0.9850837
0.05 0.142075 0.9932177 0.9864815
0.05 0.14455 0.9938537 0.9877451
0.05 0.147025 0.9944325 0.9888961
0.05 0.1495 0.9949551 0.9899357
0.05 0.151975 0.9954296 0.9908802
0.05 0.15445 0.9958602 0.9917375
0.05 0.156925 0.9962482 0.9925105
0.05 0.1594 0.9966023 0.9932161
0.05 0.161875 0.9969218 0.993853
0.05 0.16435 0.9972107 0.9944293
0.05 0.166825 0.9974738 0.994954
0.05 0.1693 0.997712 0.9954293
0.05 0.171775 0.9979273 0.995859
0.05 0.17425 0.9981225 0.9962485
0.05 0.176725 0.9982997 0.9966024
0.05 0.1792 0.9984602 0.9969227
0.05 0.181675 0.9986042 0.9972104
0.05 0.18415 0.9987365 0.9974746
0.05 0.186625 0.9988547 0.9977108
0.05 0.1891 0.998962 0.9979252
0.05 0.191575 0.9990609 0.9981226
0.05 0.19405 0.9991488 0.9982983
0.05 0.196525 0.9992292 0.998459
0.05 0.199 0.9993017 0.9986039
0.08 0.002475 0.03092701 0.0009603096
0.08 0.00495 0.06180154 0.003823234
0.08 0.007425 0.09255931 0.00857102
0.08 0.0099 0.123131 0.015165
0.08 0.012375 0.1534662 0.02355561
0.08 0.01485 0.1835039 0.03367737
0.08 0.017325 0.2132356 0.04547307
0.08 0.0198 0.2425708 0.05884417
0.08 0.022275 0.2714545 0.07369113
0.08 0.02475 0.2998691 0.08992493
0.08 0.027225 0.3277625 0.1074317
0.08 0.0297 0.3550831 0.1260874
0.08 0.032175 0.3818149 0.1457859
0.08 0.03465 0.4079349 0.1664141
0.08 0.037125 0.4333888 0.187829
0.08 0.0396 0.4581697 0.2099225
0.08 0.042075 0.4822624 0.2325799
0.08 0.04455 0.5056536 0.2556884
0.08 0.047025 0.5283232 0.2791281
0.08 0.0495 0.5502629 0.302792
0.08 0.051975 0.5714591 0.326568
0.08 0.05445 0.5919158 0.3503668
0.08 0.056925 0.6116628 0.3741337
0.08 0.0594 0.6306519 0.3977241
0.08 0.061875 0.6489275 0.4211091
0.08 0.06435 0.666482 0.4442004
0.08 0.066825 0.6833144 0.4669206
0.08 0.0693 0.6994701 0.4892604
0.08 0.071775 0.7149326 0.5111305
0.08 0.07425 0.7297273 0.5325037
0.08 0.076725 0.7438543 0.553321
0.08 0.0792 0.757371 0.5736124
0.08 0.081675 0.7702428 0.5932755
0.08 0.08415 0.7825358 0.6123637
0.08 0.086625 0.7942482 0.6308317
0.08 0.0891 0.8053793 0.6486371
0.08 0.091575 0.8159879 0.6658375
0.08 0.09405 0.8260647 0.6823841
0.08 0.096525 0.8356411 0.6982973
0.08 0.099 0.8447413 0.713589
0.08 0.102475 0.8567341 0.7339943
0.08 0.10495 0.8647474 0.7477891
0.08 0.107425 0.8723472 0.7609906
0.08 0.1099 0.8795346 0.773582
0.08 0.112375 0.8863585 0.7856322
0.08 0.11485 0.8928098 0.79711
0.08 0.117325 0.8989219 0.8080613
0.08 0.1198 0.9046932 0.8184705
0.08 0.122275 0.9101526 0.8283784
0.08 0.12475 0.9153238 0.8378183
0.08 0.127225 0.9201894 0.8467491
0.08 0.1297 0.924803 0.8552611
0.08 0.132175 0.9291559 0.8633312
0.08 0.13465 0.9332673 0.8709884
0.08 0.137125 0.937145 0.8782412
0.08 0.1396 0.9408062 0.8851167
0.08 0.142075 0.9442556 0.891619
0.08 0.14455 0.9475201 0.8977947
0.08 0.147025 0.9505881 0.9036182
0.08 0.1495 0.9534783 0.9091213
0.08 0.151975 0.9562076 0.9143332
0.08 0.15445 0.9587866 0.919272
0.08 0.156925 0.9612098 0.9239245
0.08 0.1594 0.9634948 0.9283225
0.08 0.161875 0.9656456 0.9324718
0.08 0.16435 0.967675 0.9363951
0.08 0.166825 0.9695796 0.9400847
0.08 0.1693 0.9713834 0.9435859
0.08 0.171775 0.9730768 0.9468786
0.08 0.17425 0.9746712 0.9499841
0.08 0.176725 0.9761738 0.9529155
0.08 0.1792 0.9775892 0.9556809
0.08 0.181675 0.9789203 0.9582851
0.08 0.18415 0.9801723 0.9607378
0.08 0.186625 0.98135 0.963048
0.08 0.1891 0.9824586 0.9652251
0.08 0.191575 0.9835022 0.9672766
0.08 0.19405 0.9844819 0.9692047
0.08 0.196525 0.985407 0.971027
0.08 0.199 0.9862805 0.9727494
0.09 0.002475 0.02749746 0.0007599241
0.09 0.00495 0.05493815 0.003022008
0.09 0.007425 0.08232034 0.006780412
0.09 0.0099 0.1095466 0.01200425
0.09 0.012375 0.1366433 0.01867516
0.09 0.01485 0.1635065 0.02673811
0.09 0.017325 0.1901513 0.03616121
0.09 0.0198 0.2165086 0.04687958
0.09 0.022275 0.2425616 0.0588397
0.09 0.02475 0.2682633 0.07196874
0.09 0.027225 0.2935921 0.08619978
0.09 0.0297 0.3185224 0.10146
0.09 0.032175 0.3430133 0.1176614
0.09 0.03465 0.3670406 0.1347221
0.09 0.037125 0.3905934 0.1525664
0.09 0.0396 0.4136399 0.1711012
0.09 0.042075 0.4361691 0.1902466
0.09 0.04455 0.4581797 0.2099316
0.09 0.047025 0.479627 0.230045
0.09 0.0495 0.5005247 0.2505279
0.09 0.051975 0.5208478 0.2712852
0.09 0.05445 0.5405998 0.2922508
0.09 0.056925 0.5597778 0.3133539
0.09 0.0594 0.5783545 0.3344965
0.09 0.061875 0.596378 0.3556692
0.09 0.06435 0.6137883 0.3767384
0.09 0.066825 0.630647 0.3977179
0.09 0.0693 0.6469214 0.4185096
0.09 0.071775 0.6626297 0.4390802
0.09 0.07425 0.6777862 0.4593962
0.09 0.076725 0.6923706 0.4793791
0.09 0.0792 0.7064292 0.4990441
0.09 0.081675 0.7199276 0.5182976
0.09 0.08415 0.7329263 0.5371827
0.09 0.086625 0.7453917 0.5556106
0.09 0.0891 0.7573601 0.5735959
0.09 0.091575 0.7688478 0.5911285
0.09 0.09405 0.7798563 0.6081774
0.09 0.096525 0.7903988 0.6247317
0.09 0.099 0.8005057 0.6408107
0.09 0.102475 0.8139465 0.6625102
0.09 0.10495 0.8230291 0.6773782
0.09 0.107425 0.831692 0.6917127
0.09 0.1099 0.8399803 0.7055681
0.09 0.112375 0.8478898 0.7189182
0.09 0.11485 0.8554465 0.7317897
0.09 0.117325 0.8626434 0.7441547
0.09 0.1198 0.8695178 0.7560622
0.09 0.122275 0.8760672 0.7674947
0.09 0.12475 0.8823195 0.7784886
0.09 0.127225 0.8882588 0.7890046
0.09 0.1297 0.8939208 0.7990952
0.09 0.132175 0.8993143 0.8087669
0.09 0.13465 0.9044347 0.8180028
0.09 0.137125 0.9093278 0.8268777
0.09 0.1396 0.9139719 0.8353452
0.09 0.142075 0.9183809 0.8434241
0.09 0.14455 0.9225841 0.8511619
0.09 0.147025 0.9265718 0.8585359
0.09 0.1495 0.9303678 0.8655848
0.09 0.151975 0.9339757 0.8723112
0.09 0.15445 0.9373959 0.8787115
0.09 0.156925 0.9406429 0.8848094
0.09 0.1594 0.9437315 0.8906295
0.09 0.161875 0.9466622 0.8961697
0.09 0.16435 0.9494395 0.9014357
0.09 0.166825 0.9520757 0.9064486
0.09 0.1693 0.9545924 0.9112469
0.09 0.171775 0.9569699 0.9157917
0.09 0.17425 0.9592228 0.9201087
0.09 0.176725 0.9613693 0.9242312
0.09 0.1792 0.9633925 0.9281254
0.09 0.181675 0.9653176 0.9318384
0.09 0.18415 0.9671439 0.9353676
0.09 0.186625 0.9688715 0.9387122
0.09 0.1891 0.9705153 0.9419002
0.09 0.191575 0.9720669 0.9449142
0.09 0.19405 0.9735456 0.9477912
0.09 0.196525 0.9749454 0.9505187
0.09 0.199 0.9762674 0.9530981
0.07 0.002475 0.03534 0.0012527
0.07 0.00495 0.07059937 0.004988058
0.07 0.007425 0.1056691 0.01116973
0.07 0.0099 0.1404855 0.01973991
0.07 0.012375 0.1749774 0.03062076
0.07 0.01485 0.2090104 0.04368903
0.07 0.017325 0.2425588 0.05883835
0.07 0.0198 0.2755543 0.07593372
0.07 0.022275 0.3078924 0.09480116
0.07 0.02475 0.3395344 0.115287
0.07 0.027225 0.3704369 0.1372267
0.07 0.0297 0.4005399 0.1604354
0.07 0.032175 0.4298047 0.1847352
0.07 0.03465 0.4581621 0.2099155
0.07 0.037125 0.4856564 0.2358651
0.07 0.0396 0.5122098 0.2623617
0.07 0.042075 0.5378131 0.2892457
0.07 0.04455 0.5624601 0.316364
0.07 0.047025 0.5861635 0.3435901
0.07 0.0495 0.6088729 0.3707286
0.07 0.051975 0.6306415 0.397711
0.07 0.05445 0.6514726 0.4244187
0.07 0.056925 0.6713666 0.4507352
0.07 0.0594 0.6903145 0.4765362
0.07 0.061875 0.7083742 0.5017959
0.07 0.06435 0.7255648 0.5264461
0.07 0.066825 0.7418804 0.5503882
0.07 0.0693 0.7573631 0.5736004
0.07 0.071775 0.7720385 0.596045
0.07 0.07425 0.7859435 0.6177086
0.07 0.076725 0.7990811 0.638532
0.07 0.0792 0.8115037 0.6585395
0.07 0.081675 0.8232406 0.6777263
0.07 0.08415 0.8343001 0.6960577
0.07 0.086625 0.8447424 0.7135908
0.07 0.0891 0.8545692 0.7302895
0.07 0.091575 0.8638181 0.7461827
0.07 0.09405 0.8725236 0.7612984
0.07 0.096525 0.8807144 0.7756587
0.07 0.099 0.8884037 0.789262
0.07 0.102475 0.8984188 0.8071571
0.07 0.10495 0.9050185 0.8190592
0.07 0.107425 0.9112148 0.830313
0.07 0.1099 0.9170277 0.8409405
0.07 0.112375 0.9224718 0.8509548
0.07 0.11485 0.9275674 0.8603819
0.07 0.117325 0.9323527 0.8692821
0.07 0.1198 0.9368225 0.8776368
0.07 0.122275 0.9410114 0.8855028
0.07 0.12475 0.9449224 0.8928787
0.07 0.127225 0.9485865 0.8998166
0.07 0.1297 0.9520171 0.9063368
0.07 0.132175 0.9552192 0.9124441
0.07 0.13465 0.9582079 0.9181626
0.07 0.137125 0.9610064 0.9235335
0.07 0.1396 0.9636212 0.928566
0.07 0.142075 0.9660609 0.933274
0.07 0.14455 0.9683399 0.9376824
0.07 0.147025 0.9704681 0.9418086
0.07 0.1495 0.9724611 0.9456809
0.07 0.151975 0.9743187 0.9492972
0.07 0.15445 0.9760465 0.952667
0.07 0.156925 0.9776672 0.9558333
0.07 0.1594 0.9791766 0.958787
0.07 0.161875 0.9805836 0.9615444
0.07 0.16435 0.981894 0.9641159
0.07 0.166825 0.9831211 0.9665273
0.07 0.1693 0.9842679 0.9687834
0.07 0.171775 0.9853318 0.9708789
0.07 0.17425 0.9863273 0.9728417
0.07 0.176725 0.9872543 0.9746711
0.07 0.1792 0.9881204 0.976382
0.07 0.181675 0.9889257 0.977974
0.07 0.18415 0.9896783 0.9794632
0.07 0.186625 0.9903797 0.9808521
0.07 0.1891 0.9910314 0.9821434
0.07 0.191575 0.9916441 0.983358
0.07 0.19405 0.9922116 0.9844839
0.07 0.196525 0.9927392 0.9855313
0.07 0.199 0.9932361 0.9865179
0.1 0.002475 0.02475066 0.0006164131
0.1 0.00495 0.04946429 0.002450512
0.1 0.007425 0.07412229 0.005497882
0.1 0.0099 0.09868559 0.009742606
0.1 0.012375 0.1231221 0.01516277
0.1 0.01485 0.1474228 0.02173723
0.1 0.017325 0.1715448 0.02943129
0.1 0.0198 0.1954508 0.03820467
0.1 0.022275 0.2191352 0.04802385
0.1 0.02475 0.2425506 0.0588344
0.1 0.027225 0.2657164 0.07060874
0.1 0.0297 0.2885693 0.08327573
0.1 0.032175 0.3110876 0.09677895
0.1 0.03465 0.3332608 0.1110662
0.1 0.037125 0.3551011 0.1261001
0.1 0.0396 0.3765251 0.1417744
0.1 0.042075 0.3975673 0.158063
0.1 0.04455 0.4181992 0.1748937
0.1 0.047025 0.4384089 0.1922054
0.1 0.0495 0.4581861 0.2099375
0.1 0.051975 0.4774999 0.2280091
0.1 0.05445 0.4963709 0.2463869
0.1 0.056925 0.5147982 0.26502
0.1 0.0594 0.5327634 0.2838396
0.1 0.061875 0.5502538 0.3027819
0.1 0.06435 0.5672721 0.3218003
0.1 0.066825 0.5838412 0.3408731
0.1 0.0693 0.5998986 0.3598807
0.1 0.071775 0.6155197 0.3788668
0.1 0.07425 0.6306597 0.397734
0.1 0.076725 0.6453261 0.4164481
0.1 0.0792 0.6595453 0.4350022
0.1 0.081675 0.6732981 0.4533324
0.1 0.08415 0.6866074 0.4714317
0.1 0.086625 0.6994669 0.4892559
0.1 0.0891 0.7118838 0.5067804
0.1 0.091575 0.7238867 0.5240137
0.1 0.09405 0.7354541 0.5408944
0.1 0.096525 0.7466114 0.5574302
0.1 0.099 0.7573639 0.5736017
0.1 0.102475 0.7717941 0.5956677
0.1 0.10495 0.7816127 0.6109199
0.1 0.107425 0.79106 0.6257774
0.1 0.1099 0.8001295 0.6402087
0.1 0.112375 0.8088687 0.6542698
0.1 0.11485 0.8172651 0.6679235
0.1 0.117325 0.825311 0.6811395
0.1 0.1198 0.8330447 0.6939647
0.1 0.122275 0.8404673 0.7063864
0.1 0.12475 0.8475879 0.7184064
0.1 0.127225 0.854403 0.7300055
0.1 0.1297 0.8609502 0.7412362
0.1 0.132175 0.867222 0.7520749
0.1 0.13465 0.8732175 0.7625097
0.1 0.137125 0.8789806 0.7726077
0.1 0.1396 0.8844879 0.7823196
0.1 0.142075 0.8897573 0.7916688
0.1 0.14455 0.8948043 0.8006755
0.1 0.147025 0.899622 0.8093205
0.1 0.1495 0.9042451 0.8176598
0.1 0.151975 0.9086594 0.8256625
0.1 0.15445 0.9128808 0.8333519
0.1 0.156925 0.916905 0.8407155
0.1 0.1594 0.9207576 0.8477951
0.1 0.161875 0.9244397 0.8545894
0.1 0.16435 0.9279615 0.861113
0.1 0.166825 0.9313164 0.8673508
0.1 0.1693 0.9345296 0.873346
0.1 0.171775 0.9375917 0.8790787
0.1 0.17425 0.9405109 0.8845611
0.1 0.176725 0.9433112 0.8898364
0.1 0.1792 0.9459715 0.8948625
0.1 0.181675 0.9485104 0.8996723
0.1 0.18415 0.9509348 0.9042775
0.1 0.186625 0.9532525 0.9086907
0.1 0.1891 0.9554564 0.9128973
0.1 0.191575 0.9575588 0.9169191
0.1 0.19405 0.9595734 0.9207814
0.1 0.196525 0.9614846 0.924453
0.1 0.199 0.9633133 0.9279728
0.04 0.002475 0.06180174 0.003823236
0.04 0.00495 0.1231251 0.01516351
0.04 0.007425 0.1835196 0.03368314
0.04 0.0099 0.2425725 0.05884501
0.04 0.012375 0.2998587 0.08991872
0.04 0.01485 0.3550807 0.1260857
0.04 0.017325 0.4079346 0.1664138
0.04 0.0198 0.4581885 0.2099397
0.04 0.022275 0.505659 0.2556939
0.04 0.02475 0.5502595 0.3027882
0.04 0.027225 0.5919356 0.3503903
0.04 0.0297 0.6306676 0.3977439
0.04 0.032175 0.666482 0.4442003
0.04 0.03465 0.6994588 0.4892446
0.04 0.037125 0.7297084 0.5324761
0.04 0.0396 0.7573648 0.573603
0.04 0.042075 0.7825298 0.6123544
0.04 0.04455 0.8053829 0.6486429
0.04 0.047025 0.8260734 0.6823985
0.04 0.0495 0.8447404 0.7135874
0.04 0.051975 0.8615617 0.7422895
0.04 0.05445 0.8766799 0.7685685
0.04 0.056925 0.8902537 0.7925524
0.04 0.0594 0.9024021 0.8143303
0.04 0.061875 0.9132636 0.834051
0.04 0.06435 0.9229657 0.8518663
0.04 0.066825 0.9316321 0.8679388
0.04 0.0693 0.9393528 0.8823842
0.04 0.071775 0.9462195 0.8953317
0.04 0.07425 0.9523293 0.9069314
0.04 0.076725 0.957761 0.9173064
0.04 0.0792 0.9625875 0.926575
0.04 0.081675 0.9668659 0.9348299
0.04 0.08415 0.9706698 0.9422
0.04 0.086625 0.9740401 0.9487543
0.04 0.0891 0.9770252 0.9545784
0.04 0.091575 0.9796767 0.9597665
0.04 0.09405 0.9820172 0.9643579
0.04 0.096525 0.9840966 0.9684462
0.04 0.099 0.9859345 0.9720669
0.04 0.102475 0.9881642 0.9764685
0.04 0.10495 0.9895335 0.9791766
0.04 0.107425 0.9907448 0.9815754
0.04 0.1099 0.9918177 0.9837025
0.04 0.112375 0.992767 0.9855863
0.04 0.11485 0.9936055 0.9872519
0.04 0.117325 0.9943475 0.9887269
0.04 0.1198 0.9950038 0.9900326
0.04 0.122275 0.9955843 0.9911881
0.04 0.12475 0.9960978 0.9922108
0.04 0.127225 0.9965516 0.9931151
0.04 0.1297 0.9969527 0.9939147
0.04 0.132175 0.9973069 0.9946211
0.04 0.13465 0.9976213 0.9952484
0.04 0.137125 0.9978963 0.9957971
0.04 0.1396 0.9981409 0.9962852
0.04 0.142075 0.9983579 0.9967185
0.04 0.14455 0.9985481 0.9970983
0.04 0.147025 0.9987173 0.9974362
0.04 0.1495 0.9988664 0.9977341
0.04 0.151975 0.9989978 0.9979966
0.04 0.15445 0.9991155 0.9982318
0.04 0.156925 0.9992178 0.9984363
0.04 0.1594 0.9993084 0.9986172
0.04 0.161875 0.999389 0.9987784
0.04 0.16435 0.9994601 0.9989204
0.04 0.166825 0.999523 0.9990462
0.04 0.1693 0.9995788 0.9991577
0.04 0.171775 0.9996276 0.9992554
0.04 0.17425 0.9996711 0.9993424
0.04 0.176725 0.9997092 0.9994185
0.04 0.1792 0.9997434 0.9994869
0.04 0.181675 0.9997731 0.9995462
0.04 0.18415 0.9997997 0.9995994
0.04 0.186625 0.9998228 0.9996456
0.04 0.1891 0.9998433 0.9996866
0.04 0.191575 0.9998615 0.9997231
0.04 0.19405 0.9998776 0.9997552
0.04 0.196525 0.9998919 0.9997839
0.04 0.199 0.9999044 0.9998088
0.03 0.002475 0.08231671 0.006779823
0.03 0.00495 0.1635357 0.02674763
0.03 0.007425 0.2425601 0.058839
0.03 0.0099 0.3185406 0.1014715
0.03 0.012375 0.3905854 0.1525601
0.03 0.01485 0.4581777 0.2099298
0.03 0.017325 0.5208515 0.2712891
0.03 0.0198 0.5783687 0.3345129
0.03 0.022275 0.6306594 0.3977335
0.03 0.02475 0.6777855 0.4593952
0.03 0.027225 0.7199324 0.5183044
0.03 0.0297 0.7573547 0.5735878
0.03 0.032175 0.7904046 0.6247409
0.03 0.03465 0.8194054 0.6714265
0.03 0.037125 0.8447345 0.7135774
0.03 0.0396 0.866782 0.751312
0.03 0.042075 0.8858922 0.7848059
0.03 0.04455 0.9024027 0.8143313
0.03 0.047025 0.9166222 0.8401969
0.03 0.0495 0.9288577 0.8627771
0.03 0.051975 0.9393446 0.8823688
0.03 0.05445 0.9483365 0.8993426
0.03 0.056925 0.9560256 0.9139853
0.03 0.0594 0.9625849 0.9265699
0.03 0.061875 0.9681852 0.9373829
0.03 0.06435 0.972961 0.9466534
0.03 0.066825 0.9770262 0.9545804
0.03 0.0693 0.9804857 0.9613524
0.03 0.071775 0.9834303 0.9671352
0.03 0.07425 0.9859291 0.9720562
0.03 0.076725 0.9880594 0.9762615
0.03 0.0792 0.9898675 0.9798378
0.03 0.081675 0.991401 0.9828761
0.03 0.08415 0.992705 0.9854634
0.03 0.086625 0.9938099 0.9876582
0.03 0.0891 0.9947497 0.9895269
0.03 0.091575 0.9955468 0.9911134
0.03 0.09405 0.9962229 0.9924601
0.03 0.096525 0.996796 0.9936022
0.03 0.099 0.997283 0.9945735
0.03 0.102475 0.9978435 0.9956918
0.03 0.10495 0.9981719 0.9963472
0.03 0.107425 0.9984489 0.9969002
0.03 0.1099 0.9986854 0.9973726
0.03 0.112375 0.9988855 0.9977723
0.03 0.11485 0.9990547 0.9981103
0.03 0.117325 0.9991987 0.998398
0.03 0.1198 0.9993202 0.9986408
0.03 0.122275 0.9994238 0.998848
0.03 0.12475 0.9995113 0.9990228
0.03 0.127225 0.9995858 0.9991718
0.03 0.1297 0.9996485 0.9992971
0.03 0.132175 0.9997019 0.9994038
0.03 0.13465 0.9997475 0.9994951
0.03 0.137125 0.9997861 0.9995722
0.03 0.1396 0.9998183 0.9996367
0.03 0.142075 0.999846 0.9996921
0.03 0.14455 0.9998693 0.9997385
0.03 0.147025 0.9998895 0.999779
0.03 0.1495 0.999906 0.999812
0.03 0.151975 0.9999202 0.9998405
0.03 0.15445 0.9999322 0.9998643
0.03 0.156925 0.9999426 0.9998852
0.03 0.1594 0.9999514 0.9999027
0.03 0.161875 0.9999588 0.9999177
0.03 0.16435 0.9999651 0.9999303
0.03 0.166825 0.9999703 0.9999406
0.03 0.1693 0.999975 0.9999501
0.03 0.171775 0.9999787 0.9999574
0.03 0.17425 0.9999819 0.9999639
0.03 0.176725 0.9999846 0.9999692
0.03 0.1792 0.999987 0.999974
0.03 0.181675 0.9999889 0.9999778
0.03 0.18415 0.9999906 0.9999812
0.03 0.186625 0.9999921 0.9999841
0.03 0.1891 0.9999932 0.9999864
0.03 0.191575 0.9999943 0.9999886
0.03 0.19405 0.9999951 0.9999903
0.03 0.196525 0.9999958 0.9999917
0.03 0.199 0.9999964 0.9999928
0.02 0.002475 0.1231248 0.01516346
0.02 0.00495 0.2425699 0.05884374
0.02 0.007425 0.3550961 0.1260966
0.02 0.0099 0.4581732 0.2099257
0.02 0.012375 0.5502485 0.302776
0.02 0.01485 0.630646 0.3977166
0.02 0.017325 0.699466 0.4892547
0.02 0.0198 0.7573721 0.5736141
0.02 0.022275 0.8053889 0.6486526
0.02 0.02475 0.8447347 0.7135778
0.02 0.027225 0.876683 0.768574
0.02 0.0297 0.9023995 0.8143256
0.02 0.032175 0.9229729 0.8518796
0.02 0.03465 0.9393539 0.8823862
0.02 0.037125 0.9523302 0.9069332
0.02 0.0396 0.9625905 0.9265807
0.02 0.042075 0.970671 0.9422023
0.02 0.04455 0.9770254 0.9545788
0.02 0.047025 0.9820169 0.9643574
0.02 0.0495 0.9859307 0.9720595
0.02 0.051975 0.9889993 0.9781197
0.02 0.05445 0.991401 0.9828761
0.02 0.056925 0.9932828 0.9866107
0.02 0.0594 0.9947502 0.9895279
0.02 0.061875 0.9958982 0.9918132
0.02 0.06435 0.996797 0.9936042
0.02 0.066825 0.9974982 0.9950028
0.02 0.0693 0.9980454 0.9960946
0.02 0.071775 0.9984743 0.996951
0.02 0.07425 0.9988084 0.9976183
0.02 0.076725 0.9990697 0.9981403
0.02 0.0792 0.999274 0.9985486
0.02 0.081675 0.9994325 0.9988654
0.02 0.08415 0.9995572 0.9991145
0.02 0.086625 0.999654 0.9993081
0.02 0.0891 0.9997301 0.9994603
0.02 0.091575 0.9997892 0.9995784
0.02 0.09405 0.9998352 0.9996705
0.02 0.096525 0.9998714 0.9997429
0.02 0.099 0.9998996 0.9997992
0.02 0.102475 0.999929 0.9998581
0.02 0.10495 0.9999447 0.9998895
0.02 0.107425 0.9999568 0.9999136
0.02 0.1099 0.9999661 0.9999321
0.02 0.112375 0.9999737 0.9999474
0.02 0.11485 0.9999794 0.9999589
0.02 0.117325 0.999984 0.9999679
0.02 0.1198 0.9999873 0.9999747
0.02 0.122275 0.9999901 0.9999801
0.02 0.12475 0.9999922 0.9999844
0.02 0.127225 0.9999939 0.9999878
0.02 0.1297 0.9999952 0.9999904
0.02 0.132175 0.9999963 0.9999927
0.02 0.13465 0.9999972 0.9999943
0.02 0.137125 0.9999977 0.9999954
0.02 0.1396 0.9999982 0.9999964
0.02 0.142075 0.9999986 0.9999972
0.02 0.14455 0.9999989 0.9999978
0.02 0.147025 0.9999992 0.9999983
0.02 0.1495 0.9999993 0.9999986
0.02 0.151975 0.9999994 0.9999988
0.02 0.15445 0.9999995 0.999999
0.02 0.156925 0.9999996 0.9999993
0.02 0.1594 0.9999996 0.9999993
0.02 0.161875 0.9999998 0.9999995
0.02 0.16435 0.9999998 0.9999995
0.02 0.166825 0.9999999 0.9999998
0.02 0.1693 0.9999999 0.9999998
0.02 0.171775 0.9999999 0.9999999
0.02 0.17425 0.9999999 0.9999999
0.02 0.176725 1 0.9999999
0.02 0.1792 1 0.9999999
0.02 0.181675 1 0.9999999
0.02 0.18415 1 1
0.02 0.186625 1 1
0.02 0.1891 1 1
0.02 0.191575 1 1
0.02 0.19405 1 1
0.02 0.196525 1 1
0.02 0.199 1 1
0.2 0.002475 0.01237293 0.0001569057
0.2 0.00495 0.02474006 0.0006158462
0.2 0.007425 0.03709666 0.001379969
0.2 0.0099 0.04946172 0.002450253
0.2 0.012375 0.0617931 0.003822206
0.2 0.01485 0.07411804 0.005497317
0.2 0.017325 0.08640556 0.007469718
0.2 0.0198 0.09866792 0.009739145
0.2 0.022275 0.1109387 0.01231117
0.2 0.02475 0.1231262 0.01516383
0.2 0.027225 0.1352911 0.01830744
0.2 0.0297 0.1474208 0.02173664
0.2 0.032175 0.1594956 0.02544256
0.2 0.03465 0.1715352 0.02942802
0.2 0.037125 0.1835268 0.03368578
0.2 0.0396 0.1954487 0.03820388
0.2 0.042075 0.2073157 0.04298346
0.2 0.04455 0.2191316 0.04802228
0.2 0.047025 0.2308918 0.05331464
0.2 0.0495 0.2425661 0.05884187
0.2 0.051975 0.2541706 0.06460627
0.2 0.05445 0.2657109 0.07060582
0.2 0.056925 0.2771848 0.07683491
0.2 0.0594 0.2885533 0.08326652
0.2 0.061875 0.2998818 0.08993255
0.2 0.06435 0.3111018 0.09678778
0.2 0.066825 0.322221 0.1038298
0.2 0.0693 0.3332727 0.1110741
0.2 0.071775 0.3442217 0.1184919
0.2 0.07425 0.3550944 0.1260954
0.2 0.076725 0.3658529 0.1338517
0.2 0.0792 0.3765247 0.1417741
0.2 0.081675 0.3870958 0.1498464
0.2 0.08415 0.397569 0.1580643
0.2 0.086625 0.4079338 0.1664132
0.2 0.0891 0.4181943 0.1748896
0.2 0.091575 0.4283506 0.1834873
0.2 0.09405 0.4384069 0.1922037
0.2 0.096525 0.4483486 0.2010195
0.2 0.099 0.4581783 0.2099304
0.2 0.102475 0.4717898 0.2225886
0.2 0.10495 0.4813598 0.2317102
0.2 0.107425 0.4908023 0.2408898
0.2 0.1099 0.5001409 0.2501438
0.2 0.112375 0.5093619 0.2594524
0.2 0.11485 0.5184685 0.2688124
0.2 0.117325 0.52746 0.2782168
0.2 0.1198 0.5363443 0.287668
0.2 0.122275 0.5450946 0.2971308
0.2 0.12475 0.5537329 0.3066227
0.2 0.127225 0.5622526 0.3161306
0.2 0.1297 0.5706556 0.3256504
0.2 0.132175 0.5789373 0.3351709
0.2 0.13465 0.5871194 0.3447117
0.2 0.137125 0.595168 0.3542274
0.2 0.1396 0.6030961 0.3637274
0.2 0.142075 0.6109054 0.3732077
0.2 0.14455 0.6186103 0.3826811
0.2 0.147025 0.6261875 0.3921131
0.2 0.1495 0.633663 0.4015311
0.2 0.151975 0.6409964 0.4108786
0.2 0.15445 0.6482364 0.4202126
0.2 0.156925 0.6553489 0.4294843
0.2 0.1594 0.6623582 0.4387205
0.2 0.161875 0.6692434 0.4478888
0.2 0.16435 0.6760164 0.4570002
0.2 0.166825 0.6826821 0.4660569
0.2 0.1693 0.6892471 0.4750635
0.2 0.171775 0.6956749 0.4839656
0.2 0.17425 0.7020133 0.4928246
0.2 0.176725 0.7082262 0.5015862
0.2 0.1792 0.7143452 0.5102909
0.2 0.181675 0.720351 0.5189075
0.2 0.18415 0.7262478 0.5274377
0.2 0.186625 0.7320523 0.5359024
0.2 0.1891 0.7377364 0.5442568
0.2 0.191575 0.743324 0.5525323
0.2 0.19405 0.7488152 0.5607258
0.2 0.196525 0.7541996 0.5688187
0.2 0.199 0.7594746 0.5768033
