  0.899999976      0.999599993      -1.99839997       8.24652845E-04   1.46604944E-02   1.66666042E-03  0.999599993       399.680786    
  0.912000000       1.00000000      -2.00000000       0.00000000       0.00000000       1.66666659E-03   1.00000000       400.000000    
  0.923999965       1.00000000      -2.00000000       0.00000000       0.00000000       1.66666659E-03   1.00000000       400.000000    
  0.935999990       1.00000000      -2.00000000       0.00000000       0.00000000       1.66666659E-03   1.00000000       400.000000    
  0.947999954      0.999800026      -1.99919999       3.70846537E-04   6.95445947E-03   1.66666345E-03  0.999800026       399.840393    
  0.959999979       1.00000000      -2.00000000       0.00000000       0.00000000       1.66666659E-03   1.00000000       400.000000    
  0.972000003      0.999400020      -1.99800003       1.88882451E-03   2.01765709E-02   1.66665122E-03  0.999400020       399.522003    
  0.983999968      0.999800026      -1.99919999       3.57278972E-04   6.45490456E-03   1.66666345E-03  0.999800026       399.840393    
  0.995999992      0.999000013      -1.99600005       1.56877516E-03   2.56737303E-02   1.66665320E-03  0.999000013       399.201996    
   1.00800002       1.00000000      -2.00000000       0.00000000       0.00000000       1.66666659E-03   1.00000000       400.000000    
   1.01999998      0.999800026      -1.99919999       3.44669097E-04   6.00730535E-03   1.66666345E-03  0.999800026       399.840393    
   1.03199995      0.999599993      -1.99839997       7.19173986E-04   1.11499848E-02   1.66666042E-03  0.999599993       399.680786    
   1.04399991      0.999199986      -1.99720001       2.05789041E-03   2.20769886E-02   1.66664878E-03  0.999199986       399.362396    
   1.05599999       1.00000000      -2.00000000       0.00000000       0.00000000       1.66666659E-03   1.00000000       400.000000    
   1.06799996      0.999400020      -1.99759996       9.87535110E-04   1.49315214E-02   1.66665798E-03  0.999400020       399.521210    
   1.07999992      0.999000013      -1.99600005       1.44675944E-03   2.18353514E-02   1.66665320E-03  0.999000013       399.201996    
   1.09200001      0.999400020      -1.99759996       9.65831045E-04   1.42824017E-02   1.66665798E-03  0.999400020       399.521210    
   1.10399997      0.999000013      -1.99600005       1.41530798E-03   2.08963063E-02   1.66665320E-03  0.999000013       399.201996    
   1.11599994      0.998399973      -1.99360001       2.69517279E-03   3.82641032E-02   1.66664168E-03  0.998399973       398.723999    
   1.12800002      0.999400020      -1.99759996       9.35006654E-04   1.33853070E-02   1.66665798E-03  0.999400020       399.521210    
   1.13999999      0.996600032      -1.98720002       8.18941928E-03  0.104599498       1.66658848E-03  0.996600032       397.293976    
   1.15199995      0.997799993      -1.99160004       4.95062955E-03   5.71027286E-02   1.66661968E-03  0.997799993       398.247620    
   1.16400003      0.998600006      -1.99440002       2.41623702E-03   3.32128778E-02   1.66664319E-03  0.998600006       398.883606    
   1.17600000      0.996600032      -1.98759997       6.57684915E-03   7.01611936E-02   1.66660163E-03  0.996600032       397.292389    
   1.18799996      0.996999979      -1.98839998       4.04434977E-03   4.91552725E-02   1.66662666E-03  0.996999979       397.608398    
   1.20000005      0.997399986      -1.99000001       3.41796875E-03   4.00390625E-02   1.66663225E-03  0.997399986       397.926788    
   1.21200001      0.996200025      -1.98559999       8.76650121E-03   9.38173831E-02   1.66657823E-03  0.996200025       396.976410    
   1.22399998      0.997600019      -1.99119997       5.29769203E-03   5.41283228E-02   1.66661257E-03  0.997600019       398.088776    
   1.23599994      0.995999992      -1.98520005       9.07033775E-03   9.03116614E-02   1.66657334E-03  0.995999992       396.817627    
   1.24799991      0.995800018      -1.98360002       8.76402296E-03  0.104534253       1.66657509E-03  0.995800018       396.658020    
   1.25999999      0.997600019      -1.99039996       4.52628965E-03   5.74766956E-02   1.66661921E-03  0.997600019       398.088013    
   1.27199996      0.995000005      -1.98080003       6.29545050E-03   6.90481216E-02   1.66659942E-03  0.995000005       396.018005    
   1.28399992      0.993799984      -1.97640002       1.45115377E-02  0.162822038       1.66651071E-03  0.993799984       395.073975    
   1.29600000      0.992799997      -1.97560000       3.64703909E-02  0.274523318       1.66627765E-03  0.992799997       394.308014    
   1.30799997      0.994400024      -1.97920001       8.72037467E-03   8.59397724E-02   1.66657032E-03  0.994400024       395.543976    
   1.31999993      0.996200025      -1.98559999       7.42779393E-03   6.99466318E-02   1.66658463E-03  0.996200025       396.975586    
   1.33200002      0.994000018      -1.97600007       7.18491897E-03   8.65695402E-02   1.66658591E-03  0.994000018       395.223999    
   1.34399998      0.992399991      -1.97320008       1.85430627E-02  0.135893196       1.66645856E-03  0.992399991       393.968018    
   1.35599995      0.994599998      -1.98000002       1.17821265E-02  0.116588257       1.66653306E-03  0.994599998       395.707611    
   1.36800003      0.992600024      -1.97280002       1.11647928E-02  0.101777442       1.66653772E-03  0.992600024       394.117188    
   1.38000000      0.993600011      -1.97600007       1.18885878E-02   8.73798877E-02   1.66652980E-03  0.993600011       394.912811    
   1.39199996      0.991800010      -1.97160006       3.09525412E-02  0.229012892       1.66630745E-03  0.991800010       393.510010    
   1.40400004      0.991800010      -1.96800005       2.49844193E-02  0.254839510       1.66637404E-03  0.991800010       393.501984    
   1.41600001      0.991999984      -1.96920002       1.35725625E-02  0.138789758       1.66650536E-03  0.991999984       393.644806    
   1.42799997      0.990800023      -1.96640003       1.88473836E-02  0.136313722       1.66644016E-03  0.990800023       392.700775    
   1.44000006      0.990599990      -1.96480000       6.86306413E-03   6.34464249E-02   1.66658312E-03  0.990599990       392.525208    
   1.45199990      0.990999997      -1.96560001       7.72103202E-03   7.30000362E-02   1.66657125E-03  0.990999997       392.843597    
   1.46399999      0.990999997      -1.96840000       2.46008374E-02  0.183202058       1.66636449E-03  0.990999997       392.868408    
   1.47599995      0.990000010      -1.96280003       1.08506950E-02   8.88625234E-02   1.66653097E-03  0.990000010       392.056030    
   1.48799992      0.990599990      -1.96560001       1.41759086E-02  0.112839900       1.66648801E-03  0.990599990       392.536407    
   1.50000000      0.983200014      -1.94199991       2.55468749E-02  0.180625007       1.66633842E-03  0.983200014       386.711212    
   1.51199996      0.986000001      -1.94759989       3.33271325E-02  0.263544232       1.66623981E-03  0.986000001       388.928802    
   1.52399993      0.987600029      -1.95600009       1.21237291E-02   7.98547640E-02   1.66650908E-03  0.987600029       390.160004    
   1.53600001      0.987200022      -1.95280004       1.87937412E-02  0.136362180       1.66642189E-03  0.987200022       389.854401    
   1.54799998      0.982800007      -1.93880010       3.10632680E-02  0.204677194       1.66625530E-03  0.982800007       386.406403    
   1.55999994      0.986200035      -1.94679987       2.52403859E-02  0.215280384       1.66633143E-03  0.986200035       389.075592    
   1.57200003      0.986200035      -1.94800007       2.25131195E-02  0.183806121       1.66636496E-03  0.986200035       389.071594    
   1.58399999      0.982800007      -1.93600011       2.88283229E-02  0.230851248       1.66627287E-03  0.982800007       386.403992    
   1.59599996      0.984800041      -1.94640005       2.82933898E-02  0.193287015       1.66628067E-03  0.984800041       387.977631    
   1.60800004      0.977600038      -1.92279994       5.17918207E-02  0.285286963       1.66595052E-03  0.977600038       382.363983    
   1.62000000      0.981999993      -1.93919992       7.21209496E-02  0.312095165       1.66568905E-03  0.981999993       385.846405    
   1.63199997      0.976600051      -1.92119992       7.28831589E-02  0.378859133       1.66564225E-03  0.976600051       381.618011    
   1.64400005      0.979000032      -1.91999996       2.77286712E-02  0.227315947       1.66627322E-03  0.979000032       383.421997    
   1.65599990      0.968199968      -1.89039993       9.80100855E-02  0.573587239       1.66524097E-03  0.968199968       375.126801    
   1.66799998      0.975400031      -1.91439998       6.56662211E-02  0.409575701       1.66572246E-03  0.975400031       380.671600    
   1.68000007      0.973000050      -1.90079999       3.18777896E-02  0.217622831       1.66619779E-03  0.973000050       378.745209    
   1.69199991      0.971400023      -1.90279996       6.54966384E-02  0.316935718       1.66571373E-03  0.971400023       377.558014    
   1.70400000      0.971800029      -1.90279996       4.83008735E-02  0.292630792       1.66594679E-03  0.971800029       377.840393    
   1.71599996      0.969400048      -1.89639997       6.49448186E-02  0.260694712       1.66568975E-03  0.969400048       376.006012    
   1.72799993      0.970000029      -1.89880002       6.34313524E-02  0.376446277       1.66570349E-03  0.970000029       376.469604    
   1.74000001      0.974400043      -1.90799999       3.55378948E-02  0.230380490       1.66612689E-03  0.974400043       379.843994    
   1.75199997      0.962399960      -1.88039994       8.36320966E-02  0.365388840       1.66537310E-03  0.962399960       370.631989    
   1.76399994      0.964800060      -1.88119996       7.41390288E-02  0.351044506       1.66552421E-03  0.964800060       372.466400    
   1.77600002      0.963999987      -1.88000000       7.92907178E-02  0.359146893       1.66541699E-03  0.963999987       371.859222    
   1.78799999      0.965399981      -1.88639998      0.118520170      0.574425519       1.66479836E-03  0.965399981       373.010773    
   1.79999995      0.971600056      -1.90119994       4.83072959E-02  0.259114623       1.66590745E-03  0.971600056       377.689606    
   1.81200004      0.968199968      -1.89080000       3.96876708E-02  0.188022867       1.66602770E-03  0.968199968       375.036407    
   1.82400000      0.959999979      -1.87880003      0.244740278      0.523561001       1.66296121E-03  0.959999979       369.086395    
   1.83599997      0.956799984      -1.86119998       9.18904841E-02  0.399977118       1.66515587E-03  0.956799984       366.355194    
   1.84800005      0.956999958      -1.85240006       8.35573897E-02  0.488409340       1.66527927E-03  0.956999958       366.493988    
   1.86000001      0.953799963      -1.85080004      0.149382561      0.529008090       1.66417856E-03  0.953799963       364.171600    
   1.87199998      0.948199987      -1.82399988      0.140120029      0.610931218       1.66433153E-03  0.948199987       359.895599    
   1.88400006      0.947200000      -1.83560002      0.200869158      0.702396333       1.66321639E-03  0.947200000       359.253601    
   1.89599991      0.949199975      -1.83880007      0.118444264      0.309169173       1.66468148E-03  0.949199975       360.616791    
   1.90799999      0.958599985      -1.86160004       7.86163509E-02  0.336366802       1.66533003E-03  0.958599985       367.715576    
   1.91999996      0.943199992      -1.81360006      0.117858887      0.571950316       1.66455959E-03  0.943199992       356.076782    
   1.93200004      0.949999988      -1.83160007      0.130026355      0.526104450       1.66438485E-03  0.949999988       361.251221    
   1.94400001      0.941999972      -1.82480001      0.190550253      0.568292916       1.66328286E-03  0.941999972       355.316010    
   1.95599997      0.929199994      -1.78559995      0.154892012      0.219227403       1.66385528E-03  0.929199994       345.667999    
   1.96799994      0.931200027      -1.78960001      0.230186895      0.624169111       1.66247669E-03  0.931200027       347.306396    
   1.98000002      0.928600013      -1.78279996      0.139599115      0.500785947       1.66402478E-03  0.928600013       345.195587    
   1.99199998      0.930800021      -1.78880000      0.271358877      0.684901893       1.66171533E-03  0.930800021       347.096008    
   2.00399995      0.926400006      -1.77639997      0.200205058      0.502694249       1.66289648E-03  0.926400006       343.688019    
   2.01600003      0.910400033      -1.75240004      0.344005764      0.643471837       1.65999203E-03  0.910400033       332.224792    
   2.02799988      0.930999994      -1.77919996      0.224859789      0.715756178       1.66246365E-03  0.930999994       347.160400    
   2.03999996      0.930000007      -1.78240001      0.117647059      0.277011871       1.66442874E-03  0.930000007       346.200012    
   2.05200005      0.918000042      -1.75720000      0.696690738       1.09245384       1.65533263E-03  0.918000042       338.519226    
   2.06400013      0.920199990      -1.77719998      0.333923787      0.408276409       1.66039227E-03  0.920199990       339.396393    
   2.07599998      0.919800043      -1.75520003      0.176665604      0.398059428       1.66309322E-03  0.919800043       338.779602    
   2.08799982      0.903399944      -1.72920001      0.319824249      0.659066260       1.66014698E-03  0.903399944       327.120392    
   2.09999990      0.896600008      -1.72080004      0.433789104      0.679120719       1.65759539E-03  0.896600008       322.467590    
   2.11199999      0.875800014      -1.69119990       1.05820167      0.772169650       1.64541870E-03  0.875800014       309.045197    
   2.12400007      0.878399968      -1.69280005      0.625901163      0.415321529       1.65412470E-03  0.878399968       309.963989    
   2.13600016      0.892600000      -1.71039999      0.596288323      0.774658144       1.65479968E-03  0.892600000       319.967590    
   2.14800000      0.893399954      -1.70039988      0.284457922      0.555894494       1.66034175E-03  0.893399954       319.876404    
   2.15999985      0.875199974      -1.68320012      0.702781439      0.663700879       1.65180163E-03  0.875199974       307.908020    
   2.17199993      0.865000010      -1.66359997      0.987479150       1.07707083       1.64485665E-03  0.865000010       301.434814    
   2.18400002      0.882399976      -1.67600012      0.417265862      0.563532472       1.65731669E-03  0.882399976       312.363190    
   2.19600010      0.867200017      -1.65759993      0.555217564      0.818378687       1.65358628E-03  0.867200017       302.033600    
   2.20799994      0.862800002      -1.63720000      0.838799953      0.986869633       1.64783432E-03  0.862800002       299.621613    
   2.22000003      0.835999966      -1.64199996       2.25658083       1.17588556       1.62072654E-03  0.835999966       284.567993    
   2.23199987      0.849200010      -1.63080001       1.21064007       1.28653646       1.63789326E-03  0.849200010       291.158386    
   2.24399996      0.870800018      -1.65559995      0.689007521       1.14646125       1.65156124E-03  0.870800018       304.863190    
   2.25600004      0.813000023      -1.57399988       1.55140972      0.821784139       1.63270172E-03  0.813000023       267.887604    
   2.26800013      0.834399998      -1.59640002       1.01986194       1.17694223       1.64285291E-03  0.834399998       280.802399    
   2.27999997      0.821799994      -1.58399999       2.03820586      0.981236398       1.62471773E-03  0.821799994       274.789185    
   2.29199982      0.810800016      -1.54479992      0.702502966      0.915026546       1.64691207E-03  0.810800016       264.568817    
   2.30399990      0.800999999      -1.52759993      0.976740599      0.860411525       1.63917127E-03  0.800999999       258.890808    
   2.31599998      0.802600026      -1.57920003       2.79796124       1.51169527       1.60208938E-03  0.802600026       264.146790    
   2.32800007      0.761200011      -1.50240004       1.43754363      0.787825644       1.62145938E-03  0.761200011       235.116791    
   2.34000015      0.777600050      -1.49600005       1.92174137      0.815235913       1.62276858E-03  0.777600050       246.361603    
   2.35200000      0.736999989      -1.46520007       1.63061857       1.00079966       1.61130459E-03  0.736999989       221.102798    
   2.36399984      0.745800018      -1.47600007       2.07467508      0.882938385       1.60031999E-03  0.745800018       227.391602    
   2.37599993      0.788800001      -1.52079999       1.44352877      0.980586827       1.62522378E-03  0.788800001       252.311996    
   2.38800001      0.737200022      -1.43639994       1.00136089      0.622255147       1.63259567E-03  0.737200022       219.776794    
   2.40000010      0.754999995      -1.43720007      0.837662756       1.05750859       1.63801666E-03  0.754999995       230.020386    
   2.41199994      0.699000001      -1.40919995       2.70182323       1.10720015       1.57501432E-03  0.699000001       201.957214    
   2.42400002      0.696600020      -1.39160001       2.04643011       1.15984678       1.58789218E-03  0.696600020       199.061188    
   2.43599987      0.725000024      -1.43960011       2.15172482       1.01458180       1.59738958E-03  0.725000024       215.491608    
   2.44799995      0.695400000      -1.37360001       2.02350307      0.557944119       1.59779785E-03  0.695400000       198.386002    
   2.46000004      0.680400014      -1.38039994       1.99639547      0.786052465       1.59301457E-03  0.680400014       190.088806    
   2.47200012      0.655599952      -1.37800002       5.04347086       1.34947133       1.50056451E-03  0.655599952       184.391998    
   2.48399997      0.642199993      -1.34679997       3.51789737       1.05887270       1.52317109E-03  0.642199993       173.706802    
   2.49599981      0.671999991      -1.36479998       3.22725773      0.996022344       1.54828641E-03  0.671999991       188.688812    
   2.50799990      0.653000057      -1.35200000       2.64911675       1.01747775       1.55757263E-03  0.653000057       177.207596    
   2.51999998      0.614199996      -1.29320002       1.71164668      0.575308263       1.57695322E-03  0.614199996       155.210007    
   2.53200006      0.598200023      -1.30880010       2.06441903      0.525742352       1.56525383E-03  0.598200023       148.364410    
   2.54400015      0.591600001      -1.26120007       1.59173536      0.845157325       1.57176016E-03  0.591600001       144.045593    
   2.55599999      0.648000002      -1.31640005       3.21501493       1.03197467       1.55004475E-03  0.648000002       176.179199    
   2.56799984      0.641999960      -1.30559993       2.59813571       1.46645284       1.54248474E-03  0.641999960       171.537598    
   2.57999992      0.586399972      -1.28439999       3.54838157      0.667790174       1.50229933E-03  0.586399972       146.700806    
   2.59200001      0.588999987      -1.27400005       2.48363733       1.12454212       1.53901638E-03  0.588999987       145.205994    
   2.60400009      0.583000004      -1.25279999       2.61782146      0.905386209       1.51691318E-03  0.583000004       142.772400    
   2.61599994      0.571399987      -1.26040006       2.98486948      0.820857227       1.51655648E-03  0.571399987       138.407593    
   2.62800002      0.544200003      -1.22280002       2.92654395      0.687837362       1.50407793E-03  0.544200003       126.152405    
   2.63999987      0.538800001      -1.23519993       2.28341770      0.540926218       1.51272863E-03  0.538800001       122.150398    
   2.65199995      0.542800009      -1.20720005       1.58645010      0.566700578       1.54491689E-03  0.542800009       122.059998    
   2.66400003      0.466199994      -1.17120004       4.20849323       1.09448147       1.33566116E-03  0.466199994       98.1483994    
   2.67600012      0.535800040      -1.21360004       2.33472872      0.739953458       1.49414537E-03  0.535800040       121.080399    
   2.68799996      0.425400019      -1.10479999       2.53241420      0.710882008       1.34744158E-03  0.425400019       79.1931992    
   2.70000005      0.531800032      -1.20760000       3.24796367      0.842040658       1.45044317E-03  0.531800032       121.894005    
   2.71199989      0.519999981      -1.16079998       2.05870342      0.584715128       1.52181357E-03  0.519999981       113.743202    
   2.72399998      0.443399996      -1.11759996       1.83545351      0.532290280       1.48399232E-03  0.443399996       83.6412048    
   2.73600006      0.460200012      -1.15919995       5.01710033       1.11013806       1.31892797E-03  0.460200012       98.4403992    
   2.74800014      0.520799994      -1.14719999       3.46802640      0.935875177       1.44776481E-03  0.520799994       118.023201    
   2.75999999      0.466800004      -1.12480009       2.07300878      0.719643116       1.46155234E-03  0.466800004       92.8824005    
   2.77199984      0.459000021      -1.12000000       3.79278278      0.556377470       1.40361115E-03  0.459000021       94.7859955    
   2.78399992      0.422599971      -1.08720005       3.71871424      0.847831488       1.37855473E-03  0.422599971       81.7891998    
   2.79600000      0.401600003      -1.08120000       2.85142279      0.562141895       1.35513139E-03  0.401600003       72.4856033    
   2.80800009      0.349599987      -1.02600002       1.66579020      0.726862311       1.32930814E-03  0.349599987       53.5656013    
   2.82000017      0.394000024      -1.05680001       3.07432413      0.522193909       1.39094563E-03  0.394000024       70.7639999    
   2.83200002      0.408800006      -1.04279995       1.82465458      0.546026826       1.45964953E-03  0.408800006       72.0143967    
   2.84399986      0.425200015      -1.08280003       3.32868600      0.463490605       1.36636104E-03  0.425200015       81.7847977    
   2.85599995      0.357799977      -1.01279998       4.43531895      0.996683955       9.14810458E-04  0.357799977       63.8755989    
   2.86800003      0.437200010      -1.05960000       2.21787286      0.500102460       1.44641113E-03  0.437200010       82.8183975    
   2.88000011      0.450199991      -1.05879998       3.84124565      0.756299078       1.34019123E-03  0.450199991       92.1348038    
   2.89199996      0.395800024      -1.00519991       1.87404430      0.564780354       1.40496250E-03  0.395800024       68.0827942    
   2.90399981      0.377400011      -1.00199997       2.70581627      0.343030691       1.36460993E-03  0.377400011       64.8300018    
   2.91599989      0.380199999      -1.02680004       1.47393131      0.557621241       1.44714862E-03  0.380199999       62.1187973    
   2.92799997      0.412200004      -1.01520002       3.68526602      0.929456115       1.29664689E-03  0.412200004       78.7539978    
   2.94000006      0.450800031      -1.04879999       1.79474247      0.499913752       1.48235948E-03  0.450800031       86.5648041    
   2.95200014      0.387199998      -1.00999999       2.54988503      0.296338379       1.31877675E-03  0.387199998       67.4968033    
   2.96400023      0.392799973     -0.955199957       1.88342285      0.484496415       1.45786372E-03  0.392799973       67.2992020    
   2.97599983      0.368800014     -0.969599962       1.45786905      0.336918652       1.43774529E-03  0.368800014       58.7439995    
   2.98799992      0.389599979     -0.989199996       1.32956469      0.514301538       1.36196450E-03  0.389599979       64.6879959    
   3.00000000      0.344799995     -0.934000015       3.06279445      0.433064222       1.19244843E-03  0.344799995       56.7431984    
   3.01200008      0.356799990     -0.977200031       1.84644878      0.492592156       1.43765297E-03  0.356799990       56.4839973    
   3.02400017      0.421399981     -0.994800031       2.06098437      0.349622339       1.41288759E-03  0.421399981       77.2635956    
   3.03599977      0.359199971     -0.980400026       1.22547829      0.392472982       1.49780721E-03  0.359199971       55.3303986    
   3.04799986      0.324399978     -0.949599981       1.68355000      0.334623098       1.37438357E-03  0.324399978       47.2256012    
   3.05999994      0.386399984     -0.979200006       1.27046323      0.207414716       1.50433893E-03  0.386399984       63.6096001    
   3.07200003      0.347999990     -0.956399977       2.48047018      0.353285819       1.23741105E-03  0.347999990       56.0615997    
   3.08400011      0.299199998     -0.950399995       1.69926775      0.578520715       1.25214015E-03  0.299199998       41.0487976    
   3.09600019      0.340800017     -0.960399985       1.85443723      0.414130569       1.42332946E-03  0.340800017       52.1991997    
   3.10799980      0.316399992     -0.930400014       2.87349367      0.404646605       1.16494810E-03  0.316399992       48.9743996    
   3.11999989      0.337400019     -0.930000007       1.31131220      0.399409145       1.44862744E-03  0.337400019       49.6268005    
   3.13199997      0.355800033     -0.922800004       2.01932979      0.570071280       1.29405234E-03  0.355800033       56.9620018    
   3.14400005      0.311600000     -0.943199992       1.97626483      0.229109555       1.33470108E-03  0.311600000       45.0512009    
   3.15600014      0.325999975     -0.924000025       1.60278928      0.269545674       1.36429816E-03  0.325999975       47.5687981    
   3.16800022      0.284599990     -0.901200056       2.17371774      0.377933651       1.14033057E-03  0.284599990       39.2852020    
   3.17999983      0.323199987     -0.899999976       1.86386943      0.442703754       1.32991280E-03  0.323199987       47.7103996    
   3.19199991      0.325399995     -0.902799964      0.843086779      0.237914845       1.47493067E-03  0.325399995       45.0452003    
   3.20400000      0.338200003     -0.919200003       2.20721126      0.425475985       1.27128477E-03  0.338200003       52.8235970    
   3.21600008      0.300000012     -0.871999979       1.40398014      0.399436116       1.29473570E-03  0.300000012       40.5152016    
   3.22800016      0.267000020     -0.873199999       1.31499374      0.447669268       1.20830222E-03  0.267000020       32.7603989    
   3.23999977      0.290600002     -0.878399968       1.30551112      0.286142439       1.34816696E-03  0.290600002       38.0092010    
   3.25199986      0.270799994     -0.843600035       1.39180279      0.274408847       1.21358095E-03  0.270799994       33.8591995    
   3.26399994      0.248600006     -0.865199983       2.17953849      0.326535374       1.12730649E-03  0.248600006       31.8348007    
   3.27600002      0.311200023     -0.869599998       1.84451222      0.337074161       1.23853819E-03  0.311200023       44.7807999    
   3.28800011      0.299800009     -0.855199993       1.75437534      0.369144529       1.31799874E-03  0.299800009       41.7204018    
   3.30000019      0.276800007     -0.828799963       1.46106100      0.237818494       1.22914696E-03  0.276800007       35.4687996    
   3.31199980      0.342999995     -0.868799984       1.04734266      0.517026961       1.43352326E-03  0.342999995       50.5283966    
   3.32399988      0.292600006     -0.834800005       1.13336265      0.215798795       1.29214046E-03  0.292600006       38.0131989    
   3.33599997      0.298400015     -0.871600032       1.33350611      0.361055106       1.25484006E-03  0.298400015       40.0656013    
   3.34800005      0.289000005     -0.825599968       1.31445658      0.349740118       1.35739357E-03  0.289000005       37.8092003    
   3.36000013      0.287600011     -0.851200044       1.35621858      0.313580185       1.29593257E-03  0.287600011       37.6423988    
   3.37200022      0.316599995     -0.856000006       1.39329135      0.394287705       1.33355591E-03  0.316599995       44.7924042    
   3.38399982      0.296000004     -0.853200018       1.67683208      0.284112006       1.18113903E-03  0.296000004       40.7208023    
   3.39599991      0.294599980     -0.808000028      0.752631783      0.230019584       1.46718358E-03  0.294599980       37.2715988    
   3.40799999      0.253199995     -0.780400038      0.725089788      0.241761461       1.39449548E-03  0.253199995       28.1152000    
   3.42000008      0.287999988     -0.820800006       1.76795363      0.248669237       1.23991433E-03  0.287999988       39.2239990    
   3.43200016      0.300999999     -0.824800014      0.983915865      0.286650389       1.35512289E-03  0.300999999       39.6171989    
   3.44399977      0.274800003     -0.856400013       1.76364255      0.238190934       1.11708010E-03  0.274800003       36.2799988    
   3.45599985      0.278999984     -0.831200004       1.02384293      0.220579714       1.37726869E-03  0.278999984       34.6748009    
   3.46799994      0.261000007     -0.789600015       1.57785463      0.455369383       1.12080271E-03  0.261000007       32.7204018    
   3.48000002      0.272799999     -0.796800017      0.722546756      0.288472354       1.40338868E-03  0.272799999       32.2823982    
   3.49200010      0.290600002     -0.793600023       1.25665998      0.198359489       1.38018315E-03  0.290600002       38.1675987    
   3.50400019      0.268999994     -0.797600031       1.60342479      0.318299443       1.16474112E-03  0.268999994       34.5628014    
   3.51599979      0.276199996     -0.804000020       1.26013160      0.179643676       1.28380419E-03  0.276199996       34.9452019    
   3.52799988      0.260800004     -0.767199993       1.67248988      0.279852360       9.24602908E-04  0.260800004       33.1072006    
   3.53999996      0.227800012     -0.715599954       1.26804090      0.227287918       1.11063907E-03  0.227800012       25.2460003    
   3.55200005      0.212000012     -0.758799970       1.34099078      0.231902078       1.08137017E-03  0.212000012       22.7408009    
   3.56400013      0.263599992     -0.763599992      0.579016745      0.210329130       1.44883757E-03  0.263599992       29.8575993    
   3.57600021      0.219400004     -0.763999999       1.60700667      0.279266000       1.06798753E-03  0.219400004       25.0012016    
   3.58799982      0.244599998     -0.779999971       1.11882353      0.259256184       1.19868515E-03  0.244599998       27.9460011    
   3.59999990      0.292400002     -0.786000013      0.784693062      0.228147924       1.43618882E-03  0.292400002       37.0239983    
   3.61199999      0.235400006     -0.745999992       1.47860873      0.203334510       1.13483204E-03  0.235400006       27.5060005    
   3.62400007      0.231200010     -0.747200012       1.07820690      0.188958287       1.21257501E-03  0.231200010       25.2887993    
   3.63600016      0.249799997     -0.746800005      0.825188577      0.324760556       1.24898320E-03  0.249799997       27.9603996    
   3.64799976      0.230400011     -0.701600015      0.654806912      0.289433867       1.35249447E-03  0.230400011       23.6224003    
   3.65999985      0.227999985     -0.745199978       1.21836114      0.227447599       1.22065062E-03  0.227999985       25.2528000    
   3.67199993      0.200400010     -0.757200003      0.693664253      0.204222590       1.19739736E-03  0.200400010       18.6112003    
   3.68400002      0.253600001     -0.751999974      0.621393561      0.258183062       1.45539211E-03  0.253600001       28.0143986    
   3.69600010      0.261599988     -0.734800041      0.677645445      0.161661208       1.37337972E-03  0.261599988       29.8784008    
   3.70800018      0.237199992     -0.739199996      0.638852358      0.240867972       1.33224635E-03  0.237199992       24.8743992    
   3.71999979      0.257999986     -0.730400026      0.608387291      0.143711030       1.45817781E-03  0.257999986       28.8887997    
   3.73199987      0.279799998     -0.732800007      0.921646595      0.219997197       1.33197126E-03  0.279799998       34.7547989    
   3.74399996      0.236200005     -0.743200004      0.940017104      0.189412594       1.27799902E-03  0.236200005       25.8355999    
   3.75600004      0.212000012     -0.745599985       1.23514318      0.224806428       9.85158142E-04  0.212000012       22.6167984    
   3.76800013      0.211600006     -0.713599980      0.954080522      0.138360217       1.20016886E-03  0.211600006       21.5047989    
   3.78000021      0.216000006     -0.680000007      0.408888698      0.114890501       1.43650081E-03  0.216000006       20.2080002    
   3.79199982      0.251599997     -0.749599993      0.513653994      0.134968132       1.43742515E-03  0.251599997       27.2687988    
   3.80399990      0.240999997     -0.754000008       1.30830693      0.169171944       1.09208270E-03  0.240999997       28.2091999    
   3.81599998      0.248799995     -0.736400008       1.15603399      0.336633712       1.22712029E-03  0.248799995       29.1719990    
   3.82800007      0.259799987     -0.694800019      0.870946825      0.301603347       1.34538789E-03  0.259799987       30.3323994    
   3.84000015      0.193599999     -0.686800003      0.828024507      0.144471049       1.18976284E-03  0.193599999       18.1719990    
   3.85200024      0.242800012     -0.741600037      0.783193827      0.181950584       1.35689764E-03  0.242800012       26.5976009    
   3.86399984      0.188999996     -0.680000007       1.06894422      0.189892918       1.09971245E-03  0.188999996       18.4188004    
   3.87599993      0.205200002     -0.681600034      0.736115515      0.298771381       1.33710564E-03  0.205200002       19.6959991    
   3.88800001      0.219599992     -0.707599998       1.08496356      0.172795475       1.10743393E-03  0.219599992       23.5080013    
   3.90000010      0.207999989     -0.689999998       1.29661572      0.221748367       9.79145290E-04  0.207999989       22.3624001    
   3.91200018      0.243799984     -0.720800042      0.681039333      0.177507102       1.37554377E-03  0.243799984       26.4396000    
   3.92399979      0.231000006     -0.681600034       1.17675793      0.199441612       1.14845741E-03  0.231000006       25.9619999    
   3.93599987      0.237800002     -0.694400012      0.992496192      0.251394600       1.23182463E-03  0.237800002       26.5260010    
   3.94799995      0.234599993     -0.699999988      0.919943333      0.293377817       1.26434420E-03  0.234599993       25.6467991    
   3.96000004      0.198400006     -0.713599980      0.890246451      0.193017066       1.09179900E-03  0.198400006       19.2704010    
   3.97200012      0.223199993     -0.682399988      0.637841344      0.140415967       1.33782555E-03  0.223199993       22.4608002    
   3.98400021      0.245800003     -0.694400012      0.767606497      0.208882049       1.31520058E-03  0.245800003       27.2252007    
   3.99599981      0.200599998     -0.660400033      0.618682981      0.133362308       1.30216882E-03  0.200599998       18.5683994    
   4.00799990      0.188400000     -0.666400015       1.65004408      0.197783515       7.85459706E-04  0.188400000       20.8112011    
   4.01999998      0.203600004     -0.668399990      0.409655541      0.141123071       1.34145643E-03  0.203600004       18.2280006    
   4.03200006      0.204400003     -0.681600034      0.702245772       9.65832546E-02   1.25812623E-03  0.204400003       19.5431995    
   4.04400015      0.232800007     -0.677600026      0.350361705      0.151307464       1.46650616E-03  0.232800007       23.0951996    
   4.05600023      0.195599988     -0.639999986      0.642667055      0.169616878       1.28486124E-03  0.195599988       17.9104004    
   4.06799984      0.193599999     -0.656800032      0.914949417      0.162183061       1.25608477E-03  0.193599999       18.7143993    
   4.07999992      0.193999991     -0.658399940      0.588235319      0.159301534       1.27192796E-03  0.193999991       17.4543991    
   4.09200001      0.221000001     -0.667200029      0.960313022      0.288290232       1.16010814E-03  0.221000001       23.4660015    
   4.10400009      0.248400003     -0.674000025      0.627040446      0.179162294       1.32155512E-03  0.248400003       27.2544003    
   4.11600018      0.230400011     -0.654400051      0.492112398      0.133556202       1.36227382E-03  0.230400011       23.2591991    
   4.12799978      0.215200007     -0.666800022      0.478193939      0.183228582       1.35944423E-03  0.215200007       20.4984016    
   4.13999987      0.233999997     -0.693599999      0.621835649      0.162221432       1.28820178E-03  0.233999997       24.4767990    
   4.15199995      0.223199993     -0.666000009      0.688030839      0.140333220       1.36529328E-03  0.223199993       22.7839985    
   4.16400003      0.221399993     -0.634400010      0.413740963      0.155780092       1.38598483E-03  0.221399993       21.3299999    
   4.17600012      0.187999994     -0.632000029      0.761686027      0.139274165       1.23672502E-03  0.187999994       17.3183994    
   4.18800020      0.237800002     -0.698799968      0.829623401      0.240159839       1.20781735E-03  0.237800002       26.0939999    
   4.19999981      0.204200000     -0.634800017      0.555558026      0.107414141       1.32009177E-03  0.204200000       19.0123997    
   4.21199989      0.206399992     -0.637199998      0.715578377      0.182271138       1.18340109E-03  0.206399992       20.0543995    
   4.22399998      0.163600013     -0.619199991      0.658052921      0.101498663       1.17586169E-03  0.163600013       13.4856005    
   4.23600006      0.197600007     -0.650799990      0.507104695      0.165123716       1.31993950E-03  0.197600007       17.7663994    
   4.24800014      0.192800000     -0.633199990      0.679299176      0.143587202       1.08160020E-03  0.192800000       17.7544003    
   4.26000023      0.212600008     -0.619199991      0.520773709      0.171028093       1.27352832E-03  0.212600008       20.2980003    
   4.27199984      0.185800001     -0.625200033      0.689453304      0.173434451       1.30223541E-03  0.185800001       16.7539997    
   4.28399992      0.172800004     -0.632000029      0.711872816      0.121007055       1.03992084E-03  0.172800004       14.9935999    
   4.29600000      0.199200004     -0.605199993      0.669772744      0.178091437       1.13436719E-03  0.199200004       18.7495995    
   4.30800009      0.187999994     -0.618799984      0.689322352      0.211791798       1.23447669E-03  0.187999994       17.1072006    
   4.32000017      0.213200003     -0.621999979      0.811459303      0.178154722       1.20295014E-03  0.213200003       21.6872005    
   4.33199978      0.208600000     -0.657600045      0.704435647      0.131346777       1.23355177E-03  0.208600000       20.4571991    
   4.34399986      0.206200004     -0.634800017      0.659903884      0.114315815       1.01871754E-03  0.206200004       19.8740005    
   4.35599995      0.179799989     -0.635999978      0.481080055      0.102031231       1.19405182E-03  0.179799989       15.0268002    
   4.36800003      0.227199987     -0.604799986      0.499099344      0.165559977       1.33549189E-03  0.227199987       22.8280010    
   4.38000011      0.188999996     -0.616800010      0.474155337      0.118549787       1.37137738E-03  0.188999996       16.3652000    
   4.39200020      0.187800005     -0.637199998       1.03935862      0.251910418       7.38092232E-04  0.187800005       18.6723995    
   4.40399981      0.203199998     -0.642799973      0.459742188       8.19205791E-02   1.36814325E-03  0.203199998       18.5408001    
   4.41599989      0.213400006     -0.610000014      0.441434860      0.113224544       1.32903864E-03  0.213400006       20.1651993    
   4.42799997      0.182600006     -0.604799986      0.497040629      0.184605300       1.23078167E-03  0.182600006       15.5380001    
   4.44000006      0.209399998     -0.611999989      0.470327824      0.113302171       1.29037094E-03  0.209399998       19.6275997    
   4.45200014      0.200200006     -0.611599982      0.889214456      0.143800795       9.69979155E-04  0.200200006       19.9907990    
   4.46400023      0.186000004     -0.592000008      0.240501478      0.148860946       1.46001996E-03  0.186000004       14.9119997    
   4.47599983      0.164599985     -0.579199970      0.648779452      0.194052234       1.14977791E-03  0.164599985       13.7411995    
   4.48799992      0.181800008     -0.600000024      0.497304618      0.182065889       1.25416752E-03  0.181800008       15.4524002    
   4.50000000      0.207000002     -0.599200010      0.623110890      0.100649595       1.21143903E-03  0.207000002       19.9435997    
   4.51200008      0.191599995     -0.581200004      0.755801380      0.108508088       9.02005413E-04  0.191599995       18.0943985    
   4.52400017      0.194199994     -0.587599993      0.485531151       6.58686310E-02   1.29032251E-03  0.194199994       17.2819996    
   4.53599977      0.182600006     -0.615599990      0.322948635      0.124588601       1.37682375E-03  0.182600006       14.8019991    
   4.54799986      0.188400000     -0.610000014      0.471366704      0.137534469       1.08413992E-03  0.188400000       16.3416004    
   4.55999994      0.197800010     -0.585999966      0.633171797      0.125270009       1.21121260E-03  0.197800010       18.5371990    
   4.57200003      0.204799995     -0.592400014      0.456077039      0.147618338       1.30679924E-03  0.204799995       18.8624001    
   4.58400011      0.178999990     -0.596800029      0.631413698      0.119806461       1.05447171E-03  0.178999990       15.7107992    
   4.59600019      0.200800002     -0.614000022      0.884017408      0.130585626       1.04485301E-03  0.200800002       20.1912003    
   4.60799980      0.172399998     -0.554399967      0.520159960      0.172116235       1.21181842E-03  0.172399998       14.2856007    
   4.61999989      0.182800010     -0.555599988      0.652481139       9.73112807E-02   1.24251726E-03  0.182800010       16.3808002    
   4.63199997      0.185200006     -0.611599982      0.302500606       8.79485160E-02   1.43645424E-03  0.185200006       15.1208000    
   4.64400005      0.201600000     -0.603200018      0.485912144      0.102190062       1.26034056E-03  0.201600000       18.5135994    
   4.65600014      0.163799986     -0.563600004      0.566886783      0.101391897       1.04048266E-03  0.163799986       13.3716002    
   4.66800022      0.162800014     -0.582799971      0.788702309      0.133420631       1.01909682E-03  0.162800014       14.2831993    
   4.67999983      0.164200008     -0.556800008      0.596013784      0.160818219       1.13164959E-03  0.164200008       13.5740004    
   4.69199991      0.169599995     -0.586399972      0.465289265      0.186039090       1.16108323E-03  0.169599995       13.6887999    
   4.70400000      0.197200000     -0.569999993      0.597632766      0.136228144       1.16031733E-03  0.197200000       18.3663998    
   4.71600008      0.203600004     -0.578800023      0.524769843      0.111985236       1.25696743E-03  0.203600004       19.0559998    
   4.72800016      0.191000000     -0.574800014      0.469204396      0.190694556       1.25858397E-03  0.191000000       16.8107986    
   4.74000025      0.179799989     -0.574800014      0.439743608      0.150135458       1.23866822E-03  0.179799989       15.0156002    
   4.75199986      0.192599997     -0.560400009      0.443454593       8.04166049E-02   1.32096489E-03  0.192599997       16.9452000    
   4.76399994      0.157800004     -0.572000027      0.613615513       6.42940924E-02   1.19624217E-03  0.157800004       12.8836002    
   4.77600002      0.176799998     -0.596800029      0.543363392      0.147964984       1.18551764E-03  0.176799998       15.0984001    
   4.78800011      0.221000001     -0.579999983      0.454803437      0.116554335       1.38236547E-03  0.221000001       21.7139988    
   4.80000019      0.173600003     -0.550400019      0.662419558      0.155483231       9.95865325E-04  0.173600003       15.2343998    
   4.81199980      0.161200002     -0.551599979      0.586413682      0.121569373       1.16290618E-03  0.161200002       13.2159996    
   4.82399988      0.174599990     -0.565999985      0.667151213      0.131460279       8.24352377E-04  0.174599990       15.4124002    
   4.83599997      0.180800006     -0.552800000      0.344529569      0.106387615       1.35500904E-03  0.180800006       14.7416000    
   4.84800005      0.167400002     -0.545599997      0.291933864      0.133712381       1.34497241E-03  0.167400002       12.6243992    
   4.86000013      0.193799987     -0.543600023      0.379140854       9.98326689E-02   1.36023585E-03  0.193799987       16.8659992    
   4.87200022      0.167800009     -0.549600005      0.491310209       7.94703066E-02   1.11948338E-03  0.167800009       13.6563997    
   4.88399982      0.180599988     -0.540800035      0.408078760      0.171704367       1.31148787E-03  0.180599988       15.0395994    
   4.89599991      0.178199992     -0.543600023      0.403248399       8.02147314E-02   1.32002169E-03  0.178199992       14.6764002    
   4.90799999      0.156400010     -0.535600007      0.539937913      0.140160441       1.16329070E-03  0.156400010       12.4343996    
   4.92000008      0.163600013     -0.549600005      0.514718413      0.128294051       9.36771336E-04  0.163600013       13.2383995    
   4.93200016      0.182200000     -0.554000020      0.371789247       7.01180696E-02   1.30323321E-03  0.182200000       15.1124001    
   4.94400024      0.188600004     -0.576399982      0.451702118      0.136398748       1.32933736E-03  0.188600004       16.4612007    
   4.95600033      0.172399998     -0.507600009      0.449898303       6.14001006E-02   1.19576964E-03  0.172399998       14.1183996    
   4.96799994      0.195200011     -0.548799992      0.468032032       6.79802597E-02   1.36649166E-03  0.195200011       17.5664005    
   4.98000002      0.181400001     -0.531199992      0.502252400       7.92656690E-02   1.28875941E-03  0.181400001       15.6636000    
   4.99200010      0.176599994     -0.538399994      0.529442549       9.88351554E-02   1.11561851E-03  0.176599994       15.1180000    
   5.00400019      0.170599997     -0.536400020      0.406446308      0.117045462       1.32224779E-03  0.170599997       13.6756010    
   5.01600027      0.180800006     -0.541599989      0.338545531       9.42031592E-02   1.34488265E-03  0.180800006       14.7735996    
   5.02800035      0.180400014     -0.526399970      0.361801028      0.141879141       1.21525605E-03  0.180400014       14.8368006    
   5.03999996      0.182800010     -0.505600035      0.394456893       8.60516578E-02   1.27958774E-03  0.182800010       15.3543997    
   5.05200005      0.168200001     -0.534000039      0.262055635      0.106822394       1.34626415E-03  0.168200001       12.6403999    
   5.06400013      0.180599988     -0.529999971      0.540966928      0.137263566       1.13024039E-03  0.180599988       15.7859993    
   5.07600021      0.151199996     -0.518400013      0.215174153       9.58397090E-02   1.33935479E-03  0.151199996       10.2368002    
   5.08800030      0.160599992     -0.532799959      0.794075489      0.111314051       6.94025774E-04  0.160599992       14.3571997    
   5.09999990      0.153400004     -0.537200034      0.531563938      0.128875479       9.66282038E-04  0.153400004       12.1236000    
   5.11199999      0.185200006     -0.550800025      0.259386510      0.142279863       1.36388536E-03  0.185200006       15.0456009    
   5.12400007      0.161799997     -0.518000007      0.203884333       9.68945920E-02   1.40664040E-03  0.161799997       11.5164003    
   5.13600016      0.153599992     -0.510800004      0.444785118       6.18586503E-02   1.14244188E-03  0.153599992       11.7216005    
   5.14800024      0.166600004     -0.491600007      0.286669821       6.48018643E-02   1.23782607E-03  0.166600004       12.5780001    
   5.16000032      0.168600008     -0.516399980      0.344111443       9.86579061E-02   1.18395698E-03  0.168600008       13.1459999    
   5.17199993      0.166200012     -0.513999999      0.428504109       7.11784586E-02   1.20744796E-03  0.166200012       13.2652006    
   5.18400002      0.191200003     -0.531199992      0.416709512       7.43407384E-02   9.79246339E-04  0.191200003       16.7831993    
   5.19600010      0.158999994     -0.506399989      0.396458924       7.66718835E-02   1.17165025E-03  0.158999994       12.1723995    
   5.20800018      0.177599996     -0.531599998      0.476669759       9.68235880E-02   1.31654437E-03  0.177599996       15.0992002    
   5.22000027      0.173999995     -0.508000016      0.441379309       7.15200976E-02   1.06769637E-03  0.173999995       14.4143991    
   5.23200035      0.167199999     -0.492000014      0.257198989       9.08311680E-02   1.27498712E-03  0.167199999       12.5280008    
   5.24399996      0.172399998     -0.540400028      0.342352509       9.65225920E-02   1.26178330E-03  0.172399998       13.6840000    
   5.25600004      0.141400009     -0.506399989      0.405254185       9.78668109E-02   1.03632931E-03  0.141400009       10.1275997    
   5.26800013      0.161200002     -0.498400003      0.224643663      0.117231168       1.38489960E-03  0.161200002       11.5776005    
   5.28000021      0.168400005     -0.508400023      0.613442361      0.131161824       1.08199602E-03  0.168400005       14.5824003    
   5.29200029      0.178999990     -0.517600000      0.435979009       5.80785051E-02   1.23974169E-03  0.178999990       15.1236000    
   5.30399990      0.157800004     -0.515999973      0.392169088       9.02022570E-02   1.02882623E-03  0.157800004       12.0404005    
   5.31599998      0.162800014     -0.493600011      0.265023232      0.106087506       1.23808254E-03  0.162800014       12.0104008    
   5.32800007      0.139799997     -0.474399984      0.528150320       9.31201875E-02   9.33757576E-04  0.139799997       10.6316004    
   5.34000015      0.129999995     -0.506799996      0.167041227       9.77117270E-02   1.36254844E-03  0.129999995       7.65199995    
   5.35200024      0.169200003     -0.497999996      0.340609699       7.20570087E-02   1.30552438E-03  0.169200003       13.2743998    
   5.36400032      0.162599996     -0.486400008      0.484730840       9.26306322E-02   1.01078243E-03  0.162599996       13.1756010    
   5.37599993      0.170200005     -0.482799977      0.238464221       5.49754873E-02   1.31449534E-03  0.170200005       12.8692007    
   5.38800001      0.168799996     -0.486400008      0.397517860       5.39988913E-02   1.33152748E-03  0.168799996       13.5392008    
   5.40000010      0.183600008     -0.512000024      0.315780520       8.50476772E-02   1.35002227E-03  0.183600008       15.1887999    
   5.41200018      0.154200003     -0.527599990      0.458932728      0.171995521       1.04695896E-03  0.154200003       11.9947996    
   5.42400026      0.164599985     -0.480800033      0.413262665       7.00391755E-02   1.11854915E-03  0.164599985       13.0788002    
   5.43600035      0.164400011     -0.493200004      0.268479675       8.25954229E-02   1.27263274E-03  0.164400011       12.2704000    
   5.44799995      0.168600008     -0.498400003      0.542073309       6.06648736E-02   1.22353598E-03  0.168600008       14.3235998    
   5.46000004      0.185400009     -0.492799997      0.531123698      0.119418897       1.13442133E-03  0.185400009       16.6492004    
   5.47200012      0.173600003     -0.500400007      0.320251197       5.27382754E-02   1.25710771E-03  0.173600003       13.8071995    
   5.48400021      0.148999989     -0.498800009      0.332749873       8.15390497E-02   1.10658840E-03  0.148999989       10.7052002    
   5.49600029      0.165800005     -0.482400030      0.248861730       6.96315169E-02   1.29327865E-03  0.165800005       12.3635998    
   5.50799990      0.159400001     -0.492400020      0.256546229       6.36325479E-02   1.37994078E-03  0.159400001       11.5763998    
   5.51999998      0.172199994     -0.484799981      0.374069661       7.66772628E-02   8.86636844E-04  0.172199994       13.9259996    
   5.53200006      0.145199999     -0.489600003      0.488861799       8.65254104E-02   8.88687500E-04  0.145199999       11.1375999    
   5.54400015      0.162599996     -0.499199986      0.246048972       6.03772700E-02   1.27068732E-03  0.162599996       11.9396000    
   5.55600023      0.137400001     -0.474399984      0.300953180       7.93109834E-02   1.04599190E-03  0.137400001       9.22359943    
   5.56800032      0.162199989     -0.512799978      0.354034573       8.11826289E-02   1.15790707E-03  0.162199989       12.4947996    
   5.57999992      0.156400010     -0.471599996      0.448963344       7.68415257E-02   1.08868221E-03  0.156400010       12.2895994    
   5.59200001      0.146400005     -0.499199986      0.336698085       7.41836056E-02   1.03097188E-03  0.146400005       10.4559994    
   5.60400009      0.165600002     -0.475999981      0.267569005       8.55922103E-02   1.28884520E-03  0.165600002       12.4687996    
   5.61600018      0.167000011     -0.453199983      0.339031130       9.29091051E-02   1.17294479E-03  0.167000011       13.0595999    
   5.62800026      0.182000011     -0.494399995      0.414072335      0.102450565       1.26269762E-03  0.182000011       15.5799999    
   5.64000034      0.166400000     -0.447999984      0.297520608       6.19688928E-02   1.04226160E-03  0.166400000       12.7536001    
   5.65199995      0.165400013     -0.474399984      0.436223418       7.09297881E-02   1.20236119E-03  0.165400013       13.4083996    
   5.66400003      0.151199996     -0.475999981      0.306112945      0.102541067       8.91825883E-04  0.151199996       10.8783998    
   5.67600012      0.174199998     -0.480399996      0.240406036       8.31838325E-02   1.32699485E-03  0.174199998       13.5028000    
   5.68800020      0.140200004     -0.488400012      0.443527371       8.50291178E-02   1.12624571E-03  0.140200004       10.3852005    
