 Tiempo AverEnergy AverEnergy^2 C_v
           1 -0.61489570874550470       0.37810143046159933        2.9361424767546107E-005
           2 -0.62858127051127577       0.39511615676505329        1.0894546772707847E-005
           3 -0.63625781370002077       0.40482585662390785        1.1569559859453404E-005
           4 -0.64224945399578737       0.41248663986479239        1.4241918158686140E-005
           5 -0.64675322617522846       0.41829248934095242        1.7211080538884205E-005
           6 -0.65075964608597259       0.42349015755495917        1.2753631368003782E-005
           7 -0.65416295896274868       0.42793101423978308        1.1483505526696525E-005
           8 -0.65735225854289436       0.43211277896867317        4.9197326809635733E-006
           9 -0.66007395692707016       0.43569806322179716        2.7163027341292612E-006
          10 -0.66274017573133437       0.43922475460288724        1.3379655453005235E-006
          11 -0.66467741661403368       0.44179632655989970        1.6150199625558637E-006
          12 -0.66625740757606311       0.44389930321774168        2.3129235336011300E-006
          13 -0.66830791498072917       0.44663572021983167        1.5687121383139990E-006
          14 -0.67024742446673491       0.44923182400933459        1.3375315192215576E-006
          15 -0.67191960880562762       0.45147619517326154        1.4654734616786902E-006
          16 -0.67307147861011363       0.45302549012512239        1.7175419857184959E-006
          17 -0.67478520871059700       0.45533529878607010        1.3805716635867382E-006
          18 -0.67626482905398944       0.45733475519173766        3.9761019757916793E-006
          19 -0.67780667451837973       0.45942234470197518        2.8542519403540467E-006
          20 -0.67910019134032884       0.46117729790001649        1.4251346578536550E-006
          21 -0.68031652000653353       0.46283098043910936        2.5815331827078181E-006
          22 -0.68165488123920892       0.46465387716563522        3.1253024699445797E-006
          23 -0.68282440700179936       0.46624977988499922        3.8067977516792473E-006
          24 -0.68391098661916283       0.46773472115310660        3.0220919367690557E-006
          25 -0.68491208737036313       0.46910531518854631        4.6735157396837756E-006
          26 -0.68584328736005729       0.47038168571110378        4.1930890853220104E-006
          27 -0.68693939241132629       0.47188627962467034        3.4423639262010086E-006
          28 -0.68767402559284163       0.47289608457618526        3.2443820064537165E-006
          29 -0.68862342122080611       0.47420284303449090        3.9173790197799541E-006
          30 -0.68903646764262372       0.47477202222544945        4.8030251564162851E-006
          31 -0.68981409394109727       0.47584426930947044        4.9069355842479290E-006
          32 -0.69054792986469526       0.47685724339444158        4.9997126591594387E-006
          33 -0.69141781317217332       0.47805943098932530        5.2413595932193635E-006
          34 -0.69238670582304418       0.47940009952907137        4.6820536541564151E-006
          35 -0.69324719023460479       0.48059263814447262        6.0711018642911618E-006
          36 -0.69396264081399672       0.48158522640553902        6.7472500173831884E-006
          37 -0.69476332943617569       0.48269707832711461        6.2149867162408778E-006
          38 -0.69537956095079345       0.48355457955333803        1.1536032623604697E-005
          39 -0.69601079057542248       0.48443328601268493        1.4158845377046370E-005
          40 -0.69674319470587687       0.48545351692370597        1.5234717215886762E-005
          41 -0.69741941484538894       0.48639530485726024        9.1540873471684936E-006
          42 -0.69777430506275584       0.48689017185741978        7.4440725496977000E-006
          43 -0.69887399434829123       0.48842608092415341        7.6309238625921205E-006
          44 -0.69937652734052769       0.48912896573109338        8.9921012344507112E-006
          45 -0.69975887549041405       0.48966378846760078        8.1539999498975169E-006
          46 -0.70024631884077038       0.49034595761122535        6.5660073468587488E-006
          47 -0.70059378887046431       0.49083294455529303        8.0471963769673804E-006
          48 -0.70124177537226817       0.49174127567665016        7.8009337472345619E-006
          49 -0.70228072498080696       0.49319945458839065        7.7369301427349102E-006
          50 -0.70271213877239114       0.49380545023151312        6.8765840299800374E-006
          51 -0.70340638740771455       0.49478163339021841        6.7971515412684758E-006
          52 -0.70362147366612426       0.49508436439068293        7.4136662156498723E-006
          53 -0.70416460335251185       0.49584883955579157        6.5683824452406059E-006
          54 -0.70454574173791817       0.49638584796358443        7.1610159444596144E-006
          55 -0.70490363959506153       0.49689068329523550        9.6386304444806559E-006
          56 -0.70568820763373707       0.49799727179266728        8.9087459430314819E-006
          57 -0.70609051234354392       0.49856512520574731        8.2099011186609339E-006
          58 -0.70670183755552296       0.49942876048857704        7.9580264017442559E-006
          59 -0.70699357739164359       0.49984141471728682        9.3515265805338421E-006
          60 -0.70774495610942390       0.50090410841115629        7.4094551619219295E-006
          61 -0.70807106703301548       0.50136627246198717        1.0228079463242556E-005
          62 -0.70823252312315743       0.50159499715038314        1.0564631183762607E-005
          63 -0.70867934012314104       0.50222752642814883        6.9956923635927648E-006
          64 -0.70917412555405135       0.50292944552278862        9.4072964702818229E-006
          65 -0.70962543498418351       0.50356946799652835        7.5626252295235563E-006
          66 -0.70976984855347180       0.50377473451975385        9.3537758469319776E-006
          67 -0.71005255131467826       0.50417639953020332        1.1086885746969255E-005
          68 -0.71020535880397440       0.50439317308119147        9.5087956841766186E-006
          69 -0.71059628275422759       0.50494861083899678        9.5860929409663509E-006
          70 -0.71110538872513729       0.50567260626801025        1.0827463010204541E-005
          71 -0.71165237505621981       0.50645044576655063        8.3927712002385135E-006
          72 -0.71196023000623665       0.50688910536398557        1.0851584075766141E-005
          73 -0.71207487867627184       0.50705215827826389        9.5339777288205863E-006
          74 -0.71234748200289544       0.50744040049738848        9.1586345188354734E-006
          75 -0.71305973941182632       0.50845549605587914        8.1505363590250735E-006
          76 -0.71338972734787798       0.50892609060717930        7.4220106227596006E-006
          77 -0.71357325477492761       0.50918830712177232        9.4824480538491240E-006
          78 -0.71389618570284363       0.50964907180904062        8.1740498224236458E-006
          79 -0.71439975781329501       0.51036862454459753        1.0066130643610061E-005
          80 -0.71494195488687307       0.51114301289553277        6.3377379323770189E-006
          81 -0.71516160394393880       0.51145726270747360        7.1434487901311794E-006
          82 -0.71569701336079083       0.51222418810238413        1.2332305175666303E-005
          83 -0.71600859037533438       0.51267031149129849        1.2562500156798606E-005
          84 -0.71637339009359602       0.51319275050557578        1.1977946151597862E-005
          85 -0.71688195573687996       0.51392136353798301        1.0156730306798423E-005
          86 -0.71726833837442561       0.51447546559592039        9.9772594429337058E-006
          87 -0.71775679325315900       0.51517644580267463        1.0197135103667820E-005
          88 -0.71797152944904519       0.51548481696550219        1.0624163131189857E-005
          89 -0.71833843624006599       0.51601139207051949        8.0193168508491119E-006
          90 -0.71862210180328412       0.51641934234005471        1.0107124281955038E-005
          91 -0.71906182526712215       0.51705155851864448        1.0312263495210194E-005
          92 -0.71930410054911154       0.51739992099835119        9.5745724050522174E-006
          93 -0.71961432063888497       0.51784645457935552        1.0525692447499457E-005
          94 -0.71988327105603922       0.51823328778744027        8.5240068586900364E-006
          95 -0.72024629507226090       0.51875634469230092        1.0119543641246009E-005
          96 -0.72057216796912438       0.51922610287888582        1.1585169761713088E-005
          97 -0.72086972813187189       0.51965481728875784        1.0327198993187459E-005
          98 -0.72092607212701831       0.51973630046145969        1.1868681055321462E-005
          99 -0.72116146326597685       0.52007613636617767        1.4251664080117132E-005
         100 -0.72122569950727922       0.52016824295209396        1.0833264561110889E-005
         101 -0.72156638642754012       0.52065991121712418        1.1632468912420313E-005
         102 -0.72164639806051567       0.52077541735089339        1.1834482357281351E-005
         103 -0.72198558299820437       0.52126549786050602        1.4473770305889477E-005
         104 -0.72235872571083404       0.52180492095935471        1.7452179842253335E-005
         105 -0.72278242846510055       0.52241693787298682        1.5618594241539885E-005
         106 -0.72295267591887824       0.52266287671737888        1.4406869451588644E-005
         107 -0.72325277039236435       0.52309662563853210        1.2848489387706774E-005
         108 -0.72335574500892130       0.52324573822233289        1.3777405757919858E-005
         109 -0.72374958738021933       0.52381611433958064        1.6556915893167767E-005
         110 -0.72404257557624008       0.52424004457167450        1.4958278744814368E-005
         111 -0.72397652581444094       0.52414442241057779        1.5078001436991118E-005
         112 -0.72429294501757280       0.52460269788437464        1.5173013411667879E-005
         113 -0.72473390703648122       0.52524191866625847        1.6766611846824597E-005
         114 -0.72513418613587632       0.52582237038710733        1.7390526047683652E-005
         115 -0.72534007990934724       0.52612156195487980        2.0815199884560709E-005
         116 -0.72538774753637547       0.52619024013722371        1.7849133295694264E-005
         117 -0.72572588888814948       0.52668089988218381        1.7712998057195506E-005
         118 -0.72602145632547010       0.52711039487821698        2.0248957877805340E-005
         119 -0.72621632323646634       0.52739334063653753        1.9953134035993747E-005
         120 -0.72634911363857435       0.52758597900205983        1.8400740732504861E-005
         121 -0.72667130672282498       0.52805367441912143        1.5540030396526960E-005
         122 -0.72694556697548918       0.52845218909601943        1.4573441899784489E-005
         123 -0.72698812099255028       0.52851411264170689        1.4903608924754508E-005
         124 -0.72735810348691554       0.52905227355750895        1.5392808914993505E-005
         125 -0.72748288133587435       0.52923369704440093        1.4715047844116036E-005
         126 -0.72742671779087276       0.52915169980162469        1.2937785141831082E-005
         127 -0.72789536347609007       0.52983413625294762        1.5475518489599382E-005
         128 -0.72807173031022865       0.53009103991233553        1.6221471282884536E-005
         129 -0.72832583051813660       0.53046096015847499        1.5279740885054682E-005
         130 -0.72849884060960213       0.53071274577344685        1.3656274452239492E-005
         131 -0.72872836776973893       0.53104748663495194        1.5329016275072993E-005
         132 -0.72889592954517335       0.53129178631762730        1.5688813156250481E-005
         133 -0.72910470899194135       0.53159586577349449        1.3681870443538191E-005
         134 -0.72914511173934016       0.53165461781703161        1.2649022854832603E-005
         135 -0.72961644535428716       0.53234286574152923        1.6927563148416702E-005
         136 -0.72961905505415103       0.53234642316050507        1.5360389955115794E-005
         137 -0.72988468972022580       0.53273351189036167        1.1572514821422963E-005
         138 -0.73013925125717227       0.53310509559859598        1.1058576324107783E-005
         139 -0.73051413790815900       0.53365294331258184        1.2735180506678878E-005
         140 -0.73038952484682940       0.53347041122729766        9.7076332528089893E-006
         141 -0.73059521371410208       0.53377104925101260        1.0518431613204537E-005
         142 -0.73072875426401407       0.53396617478701169        1.0390492336670443E-005
         143 -0.73096457216955812       0.53431143386307789        1.3925600329811605E-005
         144 -0.73140557194665023       0.53495657106818906        1.5377459890858480E-005
         145 -0.73160629665529042       0.53524998502370846        1.3823237747512263E-005
         146 -0.73175032822124864       0.53546060509573012        1.2889023906503816E-005
         147 -0.73188740692827103       0.53566104015511828        1.1648343310743936E-005
         148 -0.73222637120643586       0.53615741373887704        1.2219054573714416E-005
         149 -0.73221324073735261       0.53613812001461736        1.1813147006434210E-005
         150 -0.73235690399428999       0.53634879787722012        1.3519056990540790E-005
         151 -0.73254928699252653       0.53663054338038518        1.3034419538843212E-005
         152 -0.73297568396188684       0.53725511421788097        1.1005865532126569E-005
         153 -0.73310698094118809       0.53744778312882702        1.2110150771765804E-005
         154 -0.73324965240431439       0.53765669707638175        1.0277033336836272E-005
         155 -0.73349677738397201       0.53801944779099964        1.2033489546481313E-005
         156 -0.73358283867756169       0.53814568280304775        1.1885005114092850E-005
         157 -0.73419851537672187       0.53904953199539474        1.2950087576596436E-005
         158 -0.73438758491280565       0.53932740579249294        1.4255740184848653E-005
         159 -0.73442662410862214       0.53938476103600042        1.4342727581301284E-005
         160 -0.73459712852729697       0.53963486317942599        1.2012117974607994E-005
         161 -0.73484921831623184       0.54000574328505646        1.4810156746813963E-005
         162 -0.73498432676387104       0.54020432160550047        1.4756355998235549E-005
         163 -0.73535404456569786       0.54074839509365891        1.7651465803597555E-005
         164 -0.73538292821923656       0.54079086310261559        1.7574914479984161E-005
         165 -0.73565594495494446       0.54119247559083616        1.7539020524121041E-005
         166 -0.73597031298706372       0.54165547688062099        1.9845514653143992E-005
         167 -0.73582447504751181       0.54144090681860657        2.0304622876804457E-005
         168 -0.73606466064776677       0.54179444191413895        2.0357872668186339E-005
         169 -0.73627438888350794       0.54210274745449016        1.7323304419419872E-005
         170 -0.73647614038240716       0.54240023035795548        1.9531283677182154E-005
         171 -0.73647974354155088       0.54240593374649637        2.2006871673585504E-005
         172 -0.73673474375529135       0.54278112033172654        1.8985472198529418E-005
         173 -0.73680772448600629       0.54288897387662727        2.0943839879744575E-005
         174 -0.73688495430167156       0.54300259158945363        1.9723207981409141E-005
         175 -0.73710800543885147       0.54333120021676784        1.8678342036948514E-005
         176 -0.73717864987027493       0.54343502195214777        1.6625797415181776E-005
         177 -0.73726415776792109       0.54356063732096915        1.3743698294710338E-005
         178 -0.73756907733392185       0.54401109380557400        1.8437289757422537E-005
         179 -0.73767024877789455       0.54416025133698076        1.7846280874617149E-005
         180 -0.73778302304646415       0.54432676956239212        1.8627917579283615E-005
         181 -0.73807820219196352       0.54476208155386752        1.6556268415957032E-005
         182 -0.73834304408062901       0.54515296083581766        1.5688084799986290E-005
         183 -0.73851559552731694       0.54540794991969821        1.6656766441136561E-005
         184 -0.73845286841780466       0.54531538230552890        1.7146444033361297E-005
         185 -0.73874859719264740       0.54575216453152831        1.6716733899219127E-005
         186 -0.73889161420580685       0.54596346875004720        1.6570039901991906E-005
         187 -0.73904056507302995       0.54618355293857057        1.6225719419449280E-005
         188 -0.73915475255823349       0.54635219046885930        1.5263996474418340E-005
         189 -0.73934496012109685       0.54663354652950757        1.6102956507807464E-005
         190 -0.73932085729386277       0.54659787596071463        1.5912068640488997E-005
         191 -0.73963460966668104       0.54706192024686240        1.6027687992081763E-005
         192 -0.73983879507001671       0.54736415921723425        1.6978291125097078E-005
         193 -0.73980965394705844       0.54732068992628879        1.4786581389869546E-005
         194 -0.74012934892217375       0.54779411377208698        1.6628975788718359E-005
         195 -0.74017547922449800       0.54786224971704911        1.5685448961216819E-005
         196 -0.74033669927843859       0.54810094677994337        1.5740509063527641E-005
         197 -0.74040916984481997       0.54820830904022244        1.6064062043769090E-005
         198 -0.74061401168575625       0.54851221590425248        1.9384993643623005E-005
         199 -0.74077656312188311       0.54875362264349681        2.3163580172014253E-005
         200 -0.74081230425886102       0.54880638628314804        2.1975886405067868E-005
         201 -0.74119664119828288       0.54937594280275737        2.1761744632697866E-005
         202 -0.74145399359376207       0.54975773299695152        2.3177380081146337E-005
         203 -0.74174473204234637       0.55018916726929401        2.4498479510998150E-005
         204 -0.74189531026838740       0.55041252737224244        2.4224837597702775E-005
         205 -0.74191891002931765       0.55044747942127947        2.3814763679824713E-005
         206 -0.74206222923689402       0.55065984675250357        2.1841827968493988E-005
         207 -0.74207423982394860       0.55067746441777898        2.0543796798444536E-005
         208 -0.74219861138882992       0.55086212794894529        2.0932508987270282E-005
         209 -0.74232684349895006       0.55105251399045208        2.1071320858295772E-005
         210 -0.74238892604434059       0.55114462507802087        2.0672279696376528E-005
         211 -0.74245508045592967       0.55124319448871084        2.2799961811592606E-005
         212 -0.74285563692315237       0.55183857025259742        2.5455900593690517E-005
         213 -0.74282068098912823       0.55178595142768749        2.1170765845263118E-005
         214 -0.74290801116500815       0.55191568692096493        2.1086673856335336E-005
         215 -0.74285691000801946       0.55183935860284661        1.8561601149158502E-005
         216 -0.74310273847465136       0.55220460002678118        1.8250614094300621E-005
         217 -0.74352390814452263       0.55283058369667692        1.7385713577816597E-005
         218 -0.74344861257692152       0.55271840852492549        1.6056139849618400E-005
         219 -0.74341872182745905       0.55267357658741623        1.3628899020456942E-005
         220 -0.74348611648258378       0.55277425365988608        1.6551609574588788E-005
         221 -0.74335179188194123       0.55257405925001080        1.3579724487261524E-005
         222 -0.74360509339847147       0.55295119442052054        1.6621827319401872E-005
         223 -0.74400423470205901       0.55354501527871780        1.6962650758317599E-005
         224 -0.74424650451876451       0.55390560388787158        1.7152496701450248E-005
         225 -0.74441293881884574       0.55415331407626001        1.6816220933801862E-005
         226 -0.74453568935994041       0.55433645896905603        1.9163989839476869E-005
         227 -0.74465044915920231       0.55450745461121054        1.9769863805058074E-005
         228 -0.74454187945510519       0.55434498713491531        1.4855452343254250E-005
         229 -0.74503343157944490       0.55507760838999265        1.7463868432626706E-005
         230 -0.74513942168269309       0.55523581734156158        1.9122474645416609E-005
         231 -0.74530431702309952       0.55548134614717837        1.7632336934969572E-005
         232 -0.74526075110351819       0.55541632828107557        1.7132160596428081E-005
         233 -0.74539392434525098       0.55561502812824037        1.8285483916608003E-005
         234 -0.74538845271253551       0.55560695872750299        1.8833064469730987E-005
         235 -0.74580687124088996       0.55623121809224252        2.0805638231702339E-005
         236 -0.74587225414687230       0.55632863762714768        2.0113256320175577E-005
         237 -0.74586556804964421       0.55631853526985531        1.9310423980678504E-005
         238 -0.74606274648257076       0.55661207122732370        1.5309613794062260E-005
         239 -0.74611021011842205       0.55668300152099248        1.5974237728422214E-005
         240 -0.74634688284371831       0.55703671705588165        1.9047033416458303E-005
         241 -0.74640862698471377       0.55712872910385636        1.8066666567645440E-005
         242 -0.74644506480156370       0.55718292652537360        1.6823492268724927E-005
         243 -0.74662220815777891       0.55744780729863308        1.9284901470878468E-005
         244 -0.74663789228748390       0.55747106865623119        1.8290354592692681E-005
         245 -0.74680532015782819       0.55772115593158578        1.8560722184202127E-005
         246 -0.74673776319226848       0.55762018127149338        1.8089338130883315E-005
         247 -0.74695693154070342       0.55794779079189316        1.9582594937977982E-005
         248 -0.74709385404721784       0.55815280872681383        2.2387323050931940E-005
         249 -0.74723276091702029       0.55836006060038135        2.0385079428641983E-005
         250 -0.74732061703690444       0.55849159393555947        2.1808044624316292E-005
         251 -0.74751214293195034       0.55877806166431210        2.2861459972323139E-005
         252 -0.74771195899786180       0.55907679438047464        2.2629700340698333E-005
         253 -0.74774108000326811       0.55912027794005281        2.2220097493919067E-005
         254 -0.74797855991721307       0.55947583877586671        2.4454250242833542E-005
         255 -0.74790656667794775       0.55936778808410770        2.2222525701554030E-005
         256 -0.74784666224312557       0.55927813518514602        2.1905981015257758E-005
         257 -0.74800443216461177       0.55951415362284485        2.2019280884744141E-005
         258 -0.74830053686611109       0.55995807161983469        2.7363410778913355E-005
         259 -0.74828263423631758       0.55993157607640920        2.9221104790727592E-005
         260 -0.74841569433031596       0.56013036686464113        2.6970904451473210E-005
         261 -0.74854118204366316       0.56031822570279577        2.7028046695881658E-005
         262 -0.74868936934286101       0.56054058413141017        3.0077277494988675E-005
         263 -0.74908684293745198       0.56113565188476788        2.8460142306729885E-005
         264 -0.74912359347346424       0.56119029258439146        2.5839286221102098E-005
         265 -0.74925395221627122       0.56138556848903298        2.5522358315654969E-005
         266 -0.74931002931924073       0.56146932156144669        2.3759519032773291E-005
         267 -0.74927487600619680       0.56141651049243091        2.2941739558079988E-005
         268 -0.74944414461312503       0.56167003988942354        2.1962465780733798E-005
         269 -0.74940896725718198       0.56161731655424640        2.1977179814891556E-005
         270 -0.74970866993461782       0.56206694209429331        2.4076994747240787E-005
         271 -0.74958680689816681       0.56188367448855725        2.0583829797582442E-005
         272 -0.74987248695059705       0.56231267259505824        2.4536934905422525E-005
         273 -0.74979638254435721       0.56219792540005487        2.0688271567398386E-005
         274 -0.74983960727511589       0.56226282405279204        2.1171339324721483E-005
         275 -0.75020394636077048       0.56280991813971304        2.4731277745160263E-005
         276 -0.75025037419789598       0.56287980529175674        2.6133172961045892E-005
         277 -0.75026833703677387       0.56290613132841794        2.2211053073845077E-005
         278 -0.75033192244714297       0.56300146449222277        2.1691556233854881E-005
         279 -0.75034966540571391       0.56302792170536542        2.0633318116580757E-005
         280 -0.75036258051515303       0.56304748679536287        2.1778487521023626E-005
         281 -0.75042308430939908       0.56313780685486270        1.8758690194936589E-005
         282 -0.75072263640308678       0.56358808184928588        2.2531508028778013E-005
         283 -0.75075080963406693       0.56363019740768650        2.1370259246922263E-005
         284 -0.75075879008834479       0.56364209712589997        2.0851443653657764E-005
         285 -0.75088689052917967       0.56383494015950308        2.3861193267776803E-005
         286 -0.75116718262381055       0.56425624357866566        2.5670797953319946E-005
         287 -0.75127621112202614       0.56441993959490044        2.4963731457688931E-005
         288 -0.75152053380822492       0.56478696572023845        2.4081155244187746E-005
         289 -0.75150407053257551       0.56476257978015521        2.6323457030796860E-005
         290 -0.75149753099057948       0.56475271359394164        2.6090681279344885E-005
         291 -0.75174810251270108       0.56512942277911105        2.6332172903265061E-005
         292 -0.75181449374971154       0.56522887682438860        2.4023826585006791E-005
         293 -0.75187725827616414       0.56532313281891344        2.3258162698547302E-005
         294 -0.75192614158173099       0.56539605794856507        1.9597216098510284E-005
         295 -0.75196895735257385       0.56546083031315475        2.1984320235785004E-005
         296 -0.75201660251239444       0.56553301754591967        2.5294322718999451E-005
         297 -0.75211058500616879       0.56567452249688999        2.6190116053648183E-005
         298 -0.75213787664353793       0.56571533879018909        2.4708177120275066E-005
         299 -0.75223227517705804       0.56585712350668416        2.3298053943715535E-005
         300 -0.75223467501038732       0.56586068191375039        2.2972661045672638E-005
         301 -0.75258427947530437       0.56638757019929142        2.7953037052413920E-005
         302 -0.75256940398683092       0.56636508604711622        2.7363937639413027E-005
         303 -0.75262627827099271       0.56645061543532482        2.6879320494388459E-005
         304 -0.75268903248963648       0.56654511617856551        2.7103427378133427E-005
         305 -0.75280331113109922       0.56671702804143109        2.6267446778110992E-005
         306 -0.75293359226169720       0.56691352522304528        2.8317918385201146E-005
         307 -0.75313531227976782       0.56721724896768599        2.7814780891033397E-005
         308 -0.75307701623623302       0.56712968775090067        2.9346047707157208E-005
         309 -0.75322612418731694       0.56735439446262892        3.0001902384668711E-005
         310 -0.75323857695837859       0.56737254640888724        2.6203691275150653E-005
         311 -0.75320285680985499       0.56731830916455706        2.3535362688592576E-005
         312 -0.75338871194017265       0.56759872782003085        2.6103382239767159E-005
         313 -0.75356544437331874       0.56786524820515116        2.7307822461630771E-005
         314 -0.75370679428219556       0.56807832844510076        2.7479362230825588E-005
         315 -0.75366011682307044       0.56800784841976404        2.6729562498800652E-005
         316 -0.75351267686507684       0.56778538192284866        2.5173290468805121E-005
         317 -0.75352289074614665       0.56780064898102323        2.4388141212083880E-005
         318 -0.75364405617934938       0.56798352273349673        2.5995743965084861E-005
         319 -0.75385366493356598       0.56829943099850455        2.5517904596317198E-005
         320 -0.75404371671521808       0.56858571925496026        2.3703357876492248E-005
         321 -0.75395414649426995       0.56845016248931413        2.0671708819003376E-005
         322 -0.75401612518150296       0.56854412549264255        2.3802868216044049E-005
         323 -0.75413011741963887       0.56871587712409211        2.2769529586103010E-005
         324 -0.75410735390851513       0.56868200299177674        2.5636080464019884E-005
         325 -0.75416963129910763       0.56877592817311418        2.5596245514097893E-005
         326 -0.75429143310688784       0.56895955839259893        2.4952088476665191E-005
         327 -0.75436249638128539       0.56906692624428945        2.5939360528970390E-005
         328 -0.75444046334886827       0.56918428412246858        2.4196152584310404E-005
         329 -0.75447267171223686       0.56923309584588144        2.5521783004328613E-005
         330 -0.75434260894233063       0.56903668303874033        2.4446080115064772E-005
         331 -0.75471487635624945       0.56959881340343443        2.6680062534256699E-005
         332 -0.75450218852343420       0.56927734663871621        2.3713450401918745E-005
         333 -0.75445348540024593       0.56920443821235445        2.7353623596043652E-005
         334 -0.75446981274180025       0.56922886685842555        2.6053248615431901E-005
         335 -0.75468114765784067       0.56954788705850856        2.6577677206263139E-005
         336 -0.75476669454083312       0.56967674841443283        2.4907664609996605E-005
         337 -0.75493001866640275       0.56992336896868812        2.5224281455932251E-005
         338 -0.75477598757366415       0.56969038745610856        2.2475239428582094E-005
         339 -0.75500486547847623       0.57003636256311085        2.5097918367883443E-005
         340 -0.75502844434143213       0.57007145544149052        2.1897980296420316E-005
         341 -0.75490234324798888       0.56988113491674963        2.2419221532704592E-005
         342 -0.75502772555655462       0.57007077716362387        2.4442528249318807E-005
         343 -0.75498510462276713       0.57000585030470874        2.0888140363217733E-005
         344 -0.75502995905741266       0.57007354997475235        2.0693128213039591E-005
         345 -0.75515775595362189       0.57026685571067581        2.2620836036268965E-005
         346 -0.75533508702881003       0.57053510946635622        2.5098559601477444E-005
         347 -0.75514547949612387       0.57024870814222328        2.5080867453036726E-005
         348 -0.75530261800408716       0.57048661650828880        2.8573402879872312E-005
         349 -0.75542405004258240       0.57067047032812490        3.1093408667942635E-005
         350 -0.75550626648055808       0.57079512761246731        3.3805756720350910E-005
         351 -0.75564897274542042       0.57101007995030451        2.9437119346276130E-005
         352 -0.75573934679643506       0.57114669531385953        2.9593859732224281E-005
         353 -0.75580968082047340       0.57125286954910226        2.8724544727520840E-005
         354 -0.75566259627794885       0.57102997518815668        2.5098591414918214E-005
         355 -0.75590790731714574       0.57140110786996368        2.7147033606483850E-005
         356 -0.75606761886481277       0.57164298501052591        2.9629466363062518E-005
         357 -0.75610505335317646       0.57169934004642742        2.8052126360006424E-005
         358 -0.75618877742729351       0.57182651482982172        3.1548267730163726E-005
         359 -0.75623600308883654       0.57189754471184195        2.9077150395101503E-005
         360 -0.75632322750282754       0.57202954755405999        2.9519336038758004E-005
         361 -0.75640575941440868       0.57215468235357436        3.1309239287985458E-005
         362 -0.75659803660559755       0.57244637441774560        3.6158889377829739E-005
         363 -0.75648442588905918       0.57227420300915677        3.4477477858091410E-005
         364 -0.75670343821335906       0.57260540345198696        3.3187800425188430E-005
         365 -0.75668829301124563       0.57258204567529591        3.0455593894723743E-005
         366 -0.75680006227632368       0.57275138679008242        3.1578303968937682E-005
         367 -0.75676871696907588       0.57270391268338816        3.1385627292934704E-005
         368 -0.75679469734642935       0.57274305570509898        3.0261083908827979E-005
         369 -0.75677198596886797       0.57270913092223830        3.3076093586270616E-005
         370 -0.75673079293809908       0.57264662633591190        3.2083469923144259E-005
         371 -0.75696325531836095       0.57299833505743769        3.1032220422499979E-005
         372 -0.75694013553812012       0.57296291458337634        2.8411218179480446E-005
         373 -0.75691447219347119       0.57292384006245112        2.7011540813109969E-005
         374 -0.75699627389350699       0.57304791563336277        2.8480904433469956E-005
         375 -0.75702664040558576       0.57309430191455402        3.1047692412161654E-005
         376 -0.75688332380374224       0.57287715042187082        2.9903560439664689E-005
         377 -0.75706150756548685       0.57314684292264950        2.9479283260996914E-005
         378 -0.75709530873875508       0.57319796664460765        2.9125814855063270E-005
         379 -0.75706717365432685       0.57315534052222394        2.8969357957625563E-005
         380 -0.75733907957459023       0.57356715357383736        2.9200768436599134E-005
         381 -0.75755883816442748       0.57389968496206600        2.6823006429865792E-005
         382 -0.75744915982813055       0.57373335627523470        2.5790943086745344E-005
         383 -0.75763753858204752       0.57401907390897744        2.7712751961977977E-005
         384 -0.75790071412412929       0.57441771952037213        2.6419065668470409E-005
         385 -0.75781521262574814       0.57428862014091531        2.9522836921674900E-005
         386 -0.75799881692460169       0.57456701441266600        3.0049709813517733E-005
         387 -0.75802922346514401       0.57461304536543989        2.9635864191857042E-005
         388 -0.75833361780487551       0.57507506544823506        3.2434720025065200E-005
         389 -0.75827260248591388       0.57498225405423509        3.0714834214212727E-005
         390 -0.75832114918199112       0.57505572416893846        2.9742951517669480E-005
         391 -0.75836874145415334       0.57512771151741693        2.8521891627664164E-005
         392 -0.75832902727946960       0.57506730772902759        2.7463215006295894E-005
         393 -0.75854929814096828       0.57540141004236434        2.7327076304595188E-005
         394 -0.75866987025062471       0.57558484152017819        3.0434337990048466E-005
         395 -0.75865497843278296       0.57556218385678559        3.0047224620216584E-005
         396 -0.75884197806695775       0.57584649969757506        3.3450131262102722E-005
         397 -0.75875751414355408       0.57571821222362174        3.2793464475183720E-005
         398 -0.75882628801884044       0.57582246502163092        3.2060207367373694E-005
         399 -0.75899307047926590       0.57607589907869761        3.3862769710513163E-005
         400 -0.75903255713644890       0.57613569640775464        3.2960091612965758E-005
         401 -0.75924958886291305       0.57646626405953683        3.9536693964559166E-005
         402 -0.75943733610053743       0.57675160769159306        4.0876425702607300E-005
         403 -0.75939884681231673       0.57669313754561768        4.0806285882266646E-005
         404 -0.75937169546355610       0.57665166772910093        3.9349111907033274E-005
         405 -0.75948228148741126       0.57681943846045902        3.8141044597650442E-005
         406 -0.75937094658827631       0.57665036441020101        3.8311798913892581E-005
         407 -0.75958673491662454       0.57697865988830577        4.1575168795854323E-005
         408 -0.75965379012228174       0.57708005782303640        3.8606099304894226E-005
         409 -0.75986228243034226       0.57739721895209017        4.0816824006112418E-005
         410 -0.75973504406781756       0.57720355346502661        3.8851751862217787E-005
         411 -0.75965908576489727       0.57708829952266882        3.9830859432932186E-005
         412 -0.75960667503856516       0.57700856071334539        3.9124688756830839E-005
         413 -0.75962396180256087       0.57703423957349442        3.5476430474551401E-005
         414 -0.75974888839985333       0.57722375402242754        3.3628735092439133E-005
         415 -0.75973044309322413       0.57719638128167405        3.7719494046239976E-005
         416 -0.75974422234500238       0.57721707037847902        3.6168699166228002E-005
         417 -0.75985072780623875       0.57737927418428647        3.8410228848234640E-005
         418 -0.75997137985711538       0.57756264146206993        3.8395375887012584E-005
         419 -0.75987555729912448       0.57741647187137013        3.5058066969601009E-005
         420 -0.75989313765265376       0.57744326627140152        3.5535123790730871E-005
         421 -0.76010292573907678       0.57776204643860818        3.4929509398068381E-005
         422 -0.76013465070628483       0.57781021733278271        3.4563302606788193E-005
         423 -0.76021582909483654       0.57793368174531123        3.4843368509202000E-005
         424 -0.76029644569778410       0.57805665862695432        3.7333039192011253E-005
         425 -0.76027892285828247       0.57803043579466484        3.9970325716592869E-005
         426 -0.76030705159885670       0.57807339396152324        4.1132816104572090E-005
         427 -0.76039567221627591       0.57820807956039100        4.0632719680577800E-005
         428 -0.76044944254355684       0.57828939344279051        3.7742362400672302E-005
         429 -0.76030971566962702       0.57807703387330966        3.8563323003643069E-005
         430 -0.76035302814129702       0.57814235780861867        3.5190031116849596E-005
         431 -0.76034300797080445       0.57812728751440279        3.6235901949843718E-005
         432 -0.76050719696238245       0.57837718494311086        3.7426947067931149E-005
         433 -0.76065485853138481       0.57860203664044374        3.8892706517162923E-005
         434 -0.76069912718378663       0.57866966686848387        4.0654814431606567E-005
         435 -0.76066046813050314       0.57861009620477510        3.5927676618474624E-005
         436 -0.76067750724835337       0.57863629702584196        3.7668701707849195E-005
         437 -0.76054514615269497       0.57843448510318041        3.4786042226592206E-005
         438 -0.76059647337402281       0.57851248187470505        3.4291035652667112E-005
         439 -0.76074599276171573       0.57873985541195727        3.3686930930171277E-005
         440 -0.76077004806468795       0.57877741242921954        3.9664980449466425E-005
         441 -0.76079986579031367       0.57882191985096099        3.4275402510663966E-005
         442 -0.76111317546322421       0.57929938507450429        3.8245067447012504E-005
         443 -0.76125213742612174       0.57951140197469719        4.1157742863839886E-005
         444 -0.76121953938292564       0.57946217252296850        4.3658653844230733E-005
         445 -0.76130728352291377       0.57959595104960948        4.4819403570428573E-005
         446 -0.76147930728171254       0.57985811864878589        4.6145190932267433E-005
         447 -0.76148606811319053       0.57986857144504311        4.7121965977836577E-005
         448 -0.76147877140418541       0.57985710468258689        4.4908645994989893E-005
         449 -0.76150263335859925       0.57989310825731910        4.2797782736497814E-005
         450 -0.76142573939550795       0.57977654695624392        4.6189639049676323E-005
         451 -0.76141401919909546       0.57975785466915464        4.0912726463615545E-005
         452 -0.76148620473019091       0.57986800344805323        4.2271585393854894E-005
         453 -0.76146996648254306       0.57984301773965674        4.0674279571523142E-005
         454 -0.76141812758672400       0.57976331791087610        3.5955582521063345E-005
         455 -0.76167947253509849       0.58016218947526277        4.1066211980966827E-005
         456 -0.76162970593877366       0.58008591009990540        3.8132072015945040E-005
         457 -0.76202000605871634       0.58068085374361167        3.9775686785231690E-005
         458 -0.76194181440359154       0.58056100077485906        3.5451488886867333E-005
         459 -0.76203294562512147       0.58070060389531863        3.9960482620809978E-005
         460 -0.76189256047241516       0.58048678341046167        4.0685670305712351E-005
         461 -0.76186841741332012       0.58045003770999637        4.0951613246298368E-005
         462 -0.76192648870507262       0.58053863971359010        4.1659519681158663E-005
         463 -0.76199457816189275       0.58064254622949163        4.2556758567124930E-005
         464 -0.76227678980737545       0.58107293262030124        4.3927132897109145E-005
         465 -0.76236546340020150       0.58120814404351984        4.4026613223863142E-005
         466 -0.76247235196717100       0.58137074928442634        4.1636062979993893E-005
         467 -0.76257609083978828       0.58152861285161539        3.9490819514487185E-005
         468 -0.76245378604495750       0.58134232121960949        4.0908533247702161E-005
         469 -0.76260116544699608       0.58156692436450630        3.9917646185022582E-005
         470 -0.76240998910820568       0.58127562194517168        4.1440332483599907E-005
         471 -0.76250853661657025       0.58142610237975267        4.2712291307284156E-005
         472 -0.76245947801495284       0.58135100269197992        4.0919232159597474E-005
         473 -0.76259744046716316       0.58156159276159769        4.2103465807546980E-005
         474 -0.76253822304030583       0.58146989983316288        3.3488973098100283E-005
         475 -0.76254282928577166       0.58147736241773551        3.6224516162391973E-005
         476 -0.76278280076294336       0.58184340103703591        3.6249357973638929E-005
         477 -0.76294771336899347       0.58209545385345618        3.9003240501905845E-005
         478 -0.76283277255687787       0.58192005623917453        3.8858452257317655E-005
         479 -0.76269854667844217       0.58171492111955636        3.6550088428066729E-005
         480 -0.76260260480016095       0.58156800903193451        3.2976149650504327E-005
         481 -0.76283607282626043       0.58192451011679558        3.5225698774565828E-005
         482 -0.76271127100839320       0.58173489441986337        4.0071853904533050E-005
         483 -0.76267146393844465       0.58167365697058926        3.6844153618320608E-005
         484 -0.76291045899106813       0.58203848841464867        3.8249854290156593E-005
         485 -0.76297735538941724       0.58214116645488079        4.2010111572787778E-005
         486 -0.76304842141845275       0.58224967671033123        4.2395507116044229E-005
         487 -0.76305507398809902       0.58226027458428731        4.5179033150016812E-005
         488 -0.76308802288152244       0.58231011481129080        4.2400912874523966E-005
         489 -0.76313469192383765       0.58238086491781360        3.9418125769019596E-005
         490 -0.76330091568768399       0.58263485208901666        4.1026245999054023E-005
         491 -0.76337349902103924       0.58274578142816047        4.1765128349496861E-005
         492 -0.76359385064205543       0.58308259457502598        4.3911479152142219E-005
         493 -0.76342158077482236       0.58281944067508540        4.3316764729989243E-005
         494 -0.76367094555016235       0.58319995196104546        4.1493022290284287E-005
         495 -0.76368701786226345       0.58322414286029256        3.9260055846590536E-005
         496 -0.76361418445786167       0.58311309808465661        4.0471121321578041E-005
         497 -0.76371534711765365       0.58326716984083216        3.7740111211853611E-005
         498 -0.76378182215566892       0.58336835989379443        3.5550239753379120E-005
         499 -0.76376915617358609       0.58334899850029776        3.5466113662563359E-005
         500 -0.76400091790478086       0.58370360500111595        3.8765261051870725E-005
         501 -0.76403437738358804       0.58375447559214155        3.7161051340967033E-005
         502 -0.76399100282427446       0.58368806398405004        3.6322422559270651E-005
         503 -0.76400129395376615       0.58370405555684124        3.7989961326756472E-005
         504 -0.76413857955165310       0.58391423240804419        4.0397805163572276E-005
         505 -0.76415339875561750       0.58393682510659262        4.0051730192808277E-005
         506 -0.76400717179389255       0.58371363627007222        4.1735734811199077E-005
         507 -0.76428311863749188       0.58413480352153535        3.8238045530630815E-005
         508 -0.76424165141473011       0.58407213425227200        4.2703094738777425E-005
         509 -0.76418758896504047       0.58398951937277344        4.2801528573471748E-005
         510 -0.76429588732116560       0.58415461793081003        4.0090967263345378E-005
         511 -0.76415854498689662       0.58394490156792933        4.1373071490297120E-005
         512 -0.76433452117615097       0.58421453372596432        4.5459152427096416E-005
         513 -0.76438263467624434       0.58428761254201567        4.2502171367780894E-005
         514 -0.76472514354228105       0.58481104363071268        4.0615405939858906E-005
         515 -0.76463931170142241       0.58468009440341495        4.2608776187197384E-005
         516 -0.76470717824904977       0.58478476045445194        4.8074930174973884E-005
         517 -0.76471087141403815       0.58478928402993446        4.1044819480695605E-005
         518 -0.76477707347615675       0.58489014233447612        3.8563873257929648E-005
         519 -0.76464936348989199       0.58469493135225903        3.9264167262659244E-005
         520 -0.76477806154756001       0.58489180997808832        3.9540960280332049E-005
         521 -0.76488462198361218       0.58505505692251492        4.1074846884869842E-005
         522 -0.76484522714961611       0.58499521565561807        4.3713512938581278E-005
         523 -0.76503175507009413       0.58527975938350729        3.8581986742253216E-005
         524 -0.76524370571139122       0.58560429941131875        3.9814252602438094E-005
         525 -0.76516935846863288       0.58549071576736411        4.1053925405737379E-005
         526 -0.76509147315986192       0.58537156257208656        4.1251688492893734E-005
         527 -0.76518304656563618       0.58551124832597456        3.8459840662891098E-005
         528 -0.76536115437968799       0.58578407913757335        3.9890651029605984E-005
         529 -0.76528904808791998       0.58567352973243381        3.8766306994370003E-005
         530 -0.76534049450107400       0.58575227260151352        3.8750489781552711E-005
         531 -0.76529778281651173       0.58568717069792275        4.0464462837397353E-005
         532 -0.76536342104624167       0.58578807119880516        4.3155769990921300E-005
         533 -0.76527960834258268       0.58565983361645446        4.3466696735688926E-005
         534 -0.76543223916045777       0.58589316506447620        4.1576989275038390E-005
         535 -0.76540115884039206       0.58584524598308829        3.9450180457784034E-005
         536 -0.76545150374288251       0.58592193240960078        3.7048921004700919E-005
         537 -0.76562740652691985       0.58619154741333857        3.8886176257496574E-005
         538 -0.76570587523238620       0.58631119604543502        3.5679250252884653E-005
         539 -0.76558861513534537       0.58613138091361894        3.4083054768763166E-005
         540 -0.76554485105818726       0.58606439116951481        3.4201173829129239E-005
         541 -0.76572535994554802       0.58634136598215214        3.7744490081342841E-005
         542 -0.76574820894645557       0.58637543640625189        3.1980634671024966E-005
         543 -0.76579602780758671       0.58644857447908139        3.1364207520728771E-005
         544 -0.76596404751781944       0.58670609220747383        3.2313234959308046E-005
         545 -0.76601133100247387       0.58677863492869309        3.2973153196724780E-005
         546 -0.76588297194219701       0.58658217655196299        3.4061505942845072E-005
         547 -0.76607641668574167       0.58687826178618696        3.2409900755508980E-005
         548 -0.76605668076563949       0.58684769610958443        3.0362274472395256E-005
         549 -0.76597988735797939       0.58672967090504491        2.8019175637994387E-005
         550 -0.76612197643693891       0.58694777223113626        3.0559071841768093E-005
         551 -0.76625745395097100       0.58715543850625984        3.0954817720890704E-005
         552 -0.76620067566008765       0.58706782518081502        2.7186242751442435E-005
         553 -0.76619350696021327       0.58705730599184358        3.0099274082873162E-005
         554 -0.76610660821039778       0.58692430289067299        3.1048418956680646E-005
         555 -0.76610064574586456       0.58691532963812398        3.2063911833274394E-005
         556 -0.76626295079401829       0.58716448640912944        3.4854059833416828E-005
         557 -0.76619648277009600       0.58706252264804126        3.4202742345279535E-005
         558 -0.76646435324313988       0.58747256979954032        3.1031294472211313E-005
         559 -0.76649320533155407       0.58751640326773935        2.8559051871296370E-005
         560 -0.76633867488545537       0.58727953576870828        2.8569646953746641E-005
         561 -0.76656329015549596       0.58762397288429979        2.9344189254182362E-005
         562 -0.76654089929782998       0.58758964696371774        2.9354171198620049E-005
         563 -0.76643878278568445       0.58743352156011153        3.1961263187441080E-005
         564 -0.76647517305499868       0.58748869820575578        2.8170600410021285E-005
         565 -0.76652921402125673       0.58757191506264228        3.0494466229241679E-005
         566 -0.76673925806624887       0.58789336187861285        2.6700116444178246E-005
         567 -0.76666871617879839       0.58778524781497354        2.7046548291276284E-005
         568 -0.76671188500374565       0.58785114686812034        2.5201638271382665E-005
         569 -0.76671758684729607       0.58785978097761649        2.4518729221933988E-005
         570 -0.76687538265956923       0.58810208789600393        2.6471042145065349E-005
         571 -0.76690210897300326       0.58814348219892565        2.8984073034005187E-005
         572 -0.76691731310447631       0.58816652778370471        2.7266526970992633E-005
         573 -0.76678457305054626       0.58796323422736763        2.9079744119642204E-005
         574 -0.76688845499615077       0.58812247709617105        2.8591811174205617E-005
         575 -0.76687303069733725       0.58809925595912205        3.1317176268225166E-005
         576 -0.76704301692337462       0.58835944242245319        2.7828822130038233E-005
         577 -0.76701325733284875       0.58831361348807709        2.6728523314090147E-005
         578 -0.76702788985675219       0.58833661436093809        3.0190892726100760E-005
         579 -0.76721357629683007       0.58862144941568362        2.9861009448461928E-005
         580 -0.76723822326740343       0.58865896181640209        2.7941086750554733E-005
         581 -0.76709859397032787       0.58844447760187535        2.6404566384058414E-005
         582 -0.76729425690543573       0.58874538263940190        3.0662245856932779E-005
         583 -0.76725577557615043       0.58868616233960935        2.9607404057607756E-005
         584 -0.76719543539106783       0.58859353731896158        2.9382712946751655E-005
         585 -0.76726916721150928       0.58870675807778161        2.9894527116269831E-005
         586 -0.76735036080494723       0.58883219129863984        3.5094194732188111E-005
         587 -0.76731146502194902       0.58877243891086095        3.4715979570221212E-005
         588 -0.76737652718624438       0.58887241270356694        3.5488919662707286E-005
         589 -0.76743222935438971       0.58895832222187616        3.8097312671930839E-005
         590 -0.76742984343105625       0.58895385913503007        3.3090915090711048E-005
         591 -0.76750618491118083       0.58907083264460514        3.1804798059087425E-005
         592 -0.76749873104593436       0.58905906388416351        2.9760794025002202E-005
         593 -0.76750169440556937       0.58906363503941295        2.9900774956015397E-005
         594 -0.76749655347500034       0.58905556805837689        2.8802889830148448E-005
         595 -0.76750547753881526       0.58906932816110491        2.9188181375344735E-005
         596 -0.76766365143066306       0.58931184952835292        2.7298753089988192E-005
         597 -0.76754111923460078       0.58912419867800025        3.0181013103980359E-005
         598 -0.76762672703421186       0.58925564813379883        3.0350478390228641E-005
         599 -0.76764091079892316       0.58927735788297697        2.9937192354279052E-005
         600 -0.76761012290592567       0.58923026903587350        3.1051551394739585E-005
         601 -0.76776448862973412       0.58946690943407276        2.8746457472750286E-005
         602 -0.76762975344277717       0.58926011067522588        2.9201903793685258E-005
         603 -0.76785126618235222       0.58960013565615177        2.8554239438899343E-005
         604 -0.76774335709116692       0.58943439427498379        2.8324483554442725E-005
         605 -0.76774978654382164       0.58944433041180178        2.8722960738331027E-005
         606 -0.76783912276499555       0.58958103513056859        2.5729262816825971E-005
         607 -0.76768023490638060       0.58933626952493356        2.0790368861905995E-005
         608 -0.76773245980499327       0.58941669715964706        2.2295758884266492E-005
         609 -0.76782275696177216       0.58955610917251944        2.7019150892343413E-005
         610 -0.76787016626633409       0.58962901297708448        2.7629594980677075E-005
         611 -0.76777371639130332       0.58948015285770738        2.2957977462156887E-005
         612 -0.76775745458303868       0.58945544824785356        2.4619875167719574E-005
         613 -0.76781466849579383       0.58954307921499172        2.3212860537219493E-005
         614 -0.76789181676612583       0.58966196007364768        2.5736357914252217E-005
         615 -0.76781689871990100       0.58954624401650513        2.1587854115434624E-005
         616 -0.76782665509307424       0.58956134598577303        2.2335714713883625E-005
         617 -0.76762766099120872       0.58925606279832232        2.3980496801495610E-005
         618 -0.76789306064897966       0.58966360172306831        2.4057063817417568E-005
         619 -0.76801412910160161       0.58984926835116347        2.2286571699225988E-005
         620 -0.76795250055531872       0.58975477721276715        2.3338147502049988E-005
         621 -0.76794551017577928       0.58974433792043546        2.5195758109747279E-005
         622 -0.76790948210839760       0.58968884828663937        2.4222341574869910E-005
         623 -0.76779119863168910       0.58950723084525825        2.4413431077424663E-005
         624 -0.76779889104302490       0.58951911397953061        2.4855578948518309E-005
         625 -0.76797714639391912       0.58979356540169436        2.9175114670682012E-005
         626 -0.76799628506823581       0.58982305895381049        2.9781719997068468E-005
         627 -0.76815396233702593       0.59006519198459517        2.9263315762945163E-005
         628 -0.76791403284373516       0.58969643656968174        2.7967070953538453E-005
         629 -0.76790034633810911       0.58967562493254089        2.9268914705782301E-005
         630 -0.76793920764339896       0.58973608261768473        3.4099885708183120E-005
         631 -0.76805237351916333       0.58990944381376387        3.1220908396772939E-005
         632 -0.76805016761619171       0.58990567899739421        2.8868888337502119E-005
         633 -0.76824050094994678       0.59019787843561933        2.7569598713694798E-005
         634 -0.76830318689586785       0.59029413738251280        2.7189926037063383E-005
         635 -0.76835752984437544       0.59037785702223144        2.8520960507205650E-005
         636 -0.76848985031775219       0.59058068322083113        2.5207371437407922E-005
         637 -0.76848716427920327       0.59057622216024808        2.3128114731013616E-005
         638 -0.76844422196160922       0.59051048781427373        2.4784675567435244E-005
         639 -0.76850595519860510       0.59060565021257705        2.6543980354010177E-005
         640 -0.76859161333053194       0.59073747818167632        2.7563122789731054E-005
         641 -0.76866053457283345       0.59084418603516631        3.2303908576586382E-005
         642 -0.76880221005823512       0.59106122597245081        2.7423637651013966E-005
         643 -0.76881156816316309       0.59107583846926615        2.8819548526098915E-005
         644 -0.76874533625043062       0.59097465971672059        3.2923187080757810E-005
         645 -0.76873762370401866       0.59096255631515404        3.1388856579217528E-005
         646 -0.76877927547561986       0.59102588771332454        2.6958203159371807E-005
         647 -0.76904822307845211       0.59143968790056900        2.8240502777249210E-005
         648 -0.76890766458515902       0.59122384475200729        3.0300588774179182E-005
         649 -0.76894808577987273       0.59128543447770210        2.6724082322765463E-005
         650 -0.76887772011163957       0.59117757819086325        2.8935667440582735E-005
         651 -0.76907744915930276       0.59148501736638037        3.0591006253133379E-005
         652 -0.76912873490439748       0.59156449897102581        3.4300721168251114E-005
         653 -0.76927658367313367       0.59179224320291135        3.6131344396950205E-005
         654 -0.76937943082711091       0.59195131500218134        4.1290139576183327E-005
         655 -0.76942620610911694       0.59202319839156292        4.0698400585043037E-005
         656 -0.76919126818853378       0.59166118934453626        3.7389294071238366E-005
         657 -0.76926010987954507       0.59176630322257651        3.2416066791940423E-005
         658 -0.76924864120811620       0.59174878129550246        3.3183093558347698E-005
         659 -0.76923034006987701       0.59172063080506954        3.3217006568247998E-005
         660 -0.76914685877804523       0.59159242386240063        3.4584339164700495E-005
         661 -0.76909004173593254       0.59150466296372062        3.2316664638765147E-005
         662 -0.76928237127161569       0.59180025044319740        3.0523086983619274E-005
         663 -0.76942951498666745       0.59202704419684138        3.2910401394359301E-005
         664 -0.76940672928748322       0.59199272659575497        3.7572018077997038E-005
         665 -0.76931785145877074       0.59185568314262293        3.5791059273260206E-005
         666 -0.76952996814260977       0.59218210781446512        3.5849655619785148E-005
         667 -0.76962932589998134       0.59233542097055181        3.8260533075790137E-005
         668 -0.76965081803579327       0.59236854881886125        3.8544473096591148E-005
         669 -0.76972725807253528       0.59248610622631792        3.7840040341408088E-005
         670 -0.76962548419509558       0.59232960914103305        3.8895115610920739E-005
         671 -0.76968742738349971       0.59242497387433546        3.8987513158172948E-005
         672 -0.76971051479241925       0.59245995521220540        3.5491438714341239E-005
         673 -0.76973761832142606       0.59250099497874187        3.1211997503222122E-005
         674 -0.76986859379469474       0.59270215779515378        2.8163023331473358E-005
         675 -0.76996033210960468       0.59284327767477696        2.7279077776526384E-005
         676 -0.76995067892341296       0.59282792597530964        2.4237504282070832E-005
         677 -0.76993761509626357       0.59280877437010171        3.0270187372644086E-005
         678 -0.77005247368379326       0.59298529831642555        2.8038061852808660E-005
         679 -0.76992004960932903       0.59278064360887384        2.3505115263194876E-005
         680 -0.77002020701602902       0.59293521794422677        2.5617070115863116E-005
         681 -0.77007035597764850       0.59301236196834561        2.5055080021124665E-005
         682 -0.77014178801695365       0.59312256727528090        2.6210158315942422E-005
         683 -0.77016502199638681       0.59315919080828283        3.1435634924303901E-005
         684 -0.77009220464107753       0.59304732879473088        3.3282161097936136E-005
         685 -0.77021018796475360       0.59322873610178395        3.1265356768145347E-005
         686 -0.77041320235134847       0.59354129215044460        2.9936207404657189E-005
         687 -0.77057163471659229       0.59378510175269061        2.7859518057782306E-005
         688 -0.77049454666293482       0.59366635209653706        2.8160370097590759E-005
         689 -0.77046586008954931       0.59362228132327499        2.8998498412258211E-005
         690 -0.77046306571994783       0.59361803538947167        2.9373443068830829E-005
         691 -0.77043681617605109       0.59357761098868178        2.9520432446444866E-005
         692 -0.77044465152068198       0.59358949302083053        2.8324775033783389E-005
         693 -0.77039381707173960       0.59351161602463576        3.1141514192367659E-005
         694 -0.77050124234900752       0.59367774027763454        3.4848851690472138E-005
         695 -0.77042278790203877       0.59355673968334854        3.4172278742111706E-005
         696 -0.77051155555622464       0.59369304093027031        3.1148028732663757E-005
         697 -0.77054540470813149       0.59374522235436511        3.1260234668872844E-005
         698 -0.77057332651877819       0.59378852009013339        3.2928424486405872E-005
         699 -0.77051685543505166       0.59370181955269530        3.4969019843678062E-005
         700 -0.77046185765389630       0.59361682046568398        3.3414788695035336E-005
         701 -0.77048337667462907       0.59364985351080291        3.2623617903654312E-005
         702 -0.77057990305407753       0.59379891483171154        3.4549005500233987E-005
         703 -0.77070880329228164       0.59399824696078163        3.8671803504614077E-005
         704 -0.77061222890462133       0.59384905312920633        3.6536199111286694E-005
         705 -0.77098017174883626       0.59441596507649963        3.4624041465869393E-005
         706 -0.77094253212267372       0.59435792122360587        3.4583674288213295E-005
         707 -0.77076489664536862       0.59408437017227689        3.6526697069771963E-005
         708 -0.77088191913798854       0.59426482623480392        3.6831130847958526E-005
         709 -0.77113039977309916       0.59464768273427460        3.4933000343101428E-005
         710 -0.77109341743310100       0.59459077012156092        3.5698205639450586E-005
         711 -0.77130243330059911       0.59491343823035936        3.7466343338898866E-005
         712 -0.77128284512228740       0.59488254790057327        3.3254504017837805E-005
         713 -0.77123819708332197       0.59481360979245324        3.2832200751869989E-005
         714 -0.77118888371051519       0.59473796841078086        3.5462825689891453E-005
         715 -0.77133118227927333       0.59495794840619787        3.8472811601797385E-005
         716 -0.77155572062597444       0.59530445454241554        3.8903198430056962E-005
         717 -0.77147256541308196       0.59517588827226531        3.7306795145491956E-005
         718 -0.77162987164898356       0.59541873130623602        3.7953032557686006E-005
         719 -0.77166363527808479       0.59547065810525024        3.6825591632344556E-005
         720 -0.77152281445045279       0.59525307842877273        3.5157570155847084E-005
         721 -0.77154689012973621       0.59528953490394754        3.0820219251714853E-005
         722 -0.77144795674365385       0.59513707438093966        3.2027606132467579E-005
         723 -0.77159486632319219       0.59536399563660125        3.3486876852700798E-005
         724 -0.77170981654134785       0.59554123830183947        3.2483472241912059E-005
         725 -0.77193153928762959       0.59588382935272943        3.4550036001612661E-005
         726 -0.77199024709740049       0.59597481432211952        3.6704428837963654E-005
         727 -0.77198234054560255       0.59596226101656735        3.4543139379450416E-005
         728 -0.77204071198853375       0.59605250548721100        3.5278246555275894E-005
         729 -0.77213824810753862       0.59620324870158525        3.6090693789764261E-005
         730 -0.77224192266154501       0.59636336944572599        3.6139560789794078E-005
         731 -0.77231879736490350       0.59648183857071091        3.4461297124949164E-005
         732 -0.77230881825466979       0.59646692076695529        3.7562581441802356E-005
         733 -0.77238391964710074       0.59658323234137955        3.9456324753966987E-005
         734 -0.77218889236037469       0.59628187271634203        3.8670197498313907E-005
         735 -0.77227691486280503       0.59641858069978437        4.3421686075906241E-005
         736 -0.77224343930808570       0.59636683913564914        4.3184882925900725E-005
         737 -0.77235645385487084       0.59654127407989233        4.2389178881580003E-005
         738 -0.77215882360931132       0.59623596819321334        4.1995721861143309E-005
         739 -0.77220053042601344       0.59630045806921161        4.2492993719556171E-005
         740 -0.77227243775298571       0.59641214122770725        4.6394467300564513E-005
         741 -0.77226272917379535       0.59639698942086616        4.5415936920922828E-005
         742 -0.77256094398841713       0.59685725894720554        4.2792318320772349E-005
         743 -0.77269851405984480       0.59706998876755624        4.3719607900616353E-005
         744 -0.77276913155049698       0.59717923684684426        4.4413559593253771E-005
         745 -0.77271730286446472       0.59709912692377731        4.4354860277706631E-005
         746 -0.77273176522401199       0.59712157691746059        4.4974570268668801E-005
         747 -0.77253428781162092       0.59681643412006902        4.5051721628969199E-005
         748 -0.77261136444182432       0.59693551570099423        4.4970227104645932E-005
         749 -0.77254159928992416       0.59682768398439789        4.4758443525777514E-005
         750 -0.77265561916851133       0.59700424057218648        4.7092121942954313E-005
         751 -0.77279599592849291       0.59722054154321280        4.3063875634907767E-005
         752 -0.77281856710097085       0.59725542988335889        4.3076421006593701E-005
         753 -0.77280292529745198       0.59723138023112310        4.3868017649689728E-005
         754 -0.77281581372101360       0.59725129326959880        4.3820827039936505E-005
         755 -0.77273406649372611       0.59712484696751100        4.3184047378991286E-005
         756 -0.77280213526961672       0.59722996472099699        4.2652773237644714E-005
         757 -0.77266294481755737       0.59701413168183348        3.8158673085902928E-005
         758 -0.77271541623672912       0.59709585362250261        4.2119578756716347E-005
         759 -0.77273109075760438       0.59712030175821929        4.3519592389518191E-005
         760 -0.77271564360751421       0.59709657684362805        4.4443549081923939E-005
         761 -0.77288232746698882       0.59735421778631681        4.4535472044221480E-005
         762 -0.77281598945984420       0.59725166857055279        4.4468785967421987E-005
         763 -0.77274155954295209       0.59713702158416582        4.6898370575226833E-005
         764 -0.77285970741956711       0.59731978412611253        4.7854834085009346E-005
         765 -0.77297879004409897       0.59750341979804789        4.5062125054312618E-005
         766 -0.77309617450680923       0.59768490321342960        4.5051102292442691E-005
         767 -0.77306334292449685       0.59763446972586864        4.7109701690334349E-005
         768 -0.77315524509977229       0.59777624881321445        4.5098674534421734E-005
         769 -0.77322198381830165       0.59787942829023566        4.4950189535819529E-005
         770 -0.77309365604831159       0.59768001113982483        3.8813235498508236E-005
         771 -0.77300223537024981       0.59753873605873442        3.9251070820672807E-005
         772 -0.77301552863394707       0.59755882832710450        3.6380111773787194E-005
         773 -0.77302643695157724       0.59757591513253239        3.7768165509627361E-005
         774 -0.77303425955969329       0.59758774530128445        3.6117801757717949E-005
         775 -0.77317968300172202       0.59781333453242658        4.0702036144951714E-005
         776 -0.77316333663188685       0.59778866941190123        4.4526875930123166E-005
         777 -0.77310887613358414       0.59770433860283090        4.3776539358081346E-005
         778 -0.77316179914121208       0.59778588763489415        4.1999897613942405E-005
         779 -0.77340883726591891       0.59816767764358902        4.0300516052083069E-005
         780 -0.77328175505518759       0.59797090515428875        3.8952831610261640E-005
         781 -0.77334317472121827       0.59806588665910942        3.8879820104392726E-005
         782 -0.77348671062852969       0.59828815471455710        4.0394972589119504E-005
         783 -0.77361542434319386       0.59848745316329088        4.1427384943337753E-005
         784 -0.77355846487639923       0.59839879868826529        3.8125664587190800E-005
         785 -0.77347426435426270       0.59826899269706624        4.0969241865002060E-005
         786 -0.77360884098868277       0.59847700788922265        3.9806458559943358E-005
         787 -0.77359931395457715       0.59846248400400293        4.1159081315411683E-005
         788 -0.77354401511785031       0.59837644877234841        3.8159048146302332E-005
         789 -0.77347845953010730       0.59827473416364707        3.6292541120280797E-005
         790 -0.77349115930480994       0.59829448602137691        3.6953116738097647E-005
         791 -0.77366971661000061       0.59857091237501137        3.8012347579330363E-005
         792 -0.77356527950954368       0.59840949144171951        3.9061119006672529E-005
         793 -0.77355495154453191       0.59839322351662094        3.7252859736575106E-005
         794 -0.77359313007234531       0.59845264073394810        3.9436492622196839E-005
         795 -0.77355186416614852       0.59838866988633055        3.8645821294480687E-005
         796 -0.77364754385663059       0.59853702902136441        4.0668162295393051E-005
         797 -0.77368485488001459       0.59859514235222044        4.3048009445295632E-005
         798 -0.77350647771626846       0.59831868064569893        4.0059854192892042E-005
         799 -0.77357125252497028       0.59841924906850341        4.2289596575290078E-005
         800 -0.77355395120029047       0.59839294451637226        4.5181867443233603E-005
         801 -0.77356947756228189       0.59841640159459952        4.1656116361171724E-005
         802 -0.77364195018932758       0.59852851034449095        4.1520323405819237E-005
         803 -0.77377442337828939       0.59873313851290455        3.9251490627223440E-005
         804 -0.77369766156684272       0.59861421811579729        3.8416261228385595E-005
         805 -0.77396638077727098       0.59902992222353402        3.7272812915267739E-005
         806 -0.77389652894102667       0.59892243338353790        4.1224228553710107E-005
         807 -0.77371003628680723       0.59863462476951712        4.6278241153802080E-005
         808 -0.77387786636524969       0.59889385882685420        4.3167355143203245E-005
         809 -0.77384752637133403       0.59884687890633104        4.3030220615858372E-005
         810 -0.77389541771879033       0.59892171295373509        4.7471172463092737E-005
         811 -0.77397058913391714       0.59903754168774570        4.4180271518284853E-005
         812 -0.77400871211917743       0.59909641866074126        4.3326402209692416E-005
         813 -0.77386923067498192       0.59888053255581419        4.3414814536457680E-005
         814 -0.77387719644752395       0.59889272967017826        4.2590554366617184E-005
         815 -0.77397752191624658       0.59904750023865871        3.9348794030058531E-005
         816 -0.77407699559549270       0.59920200559836134        4.2565551355844278E-005
         817 -0.77402833128677151       0.59912615777905809        3.9375902962518472E-005
         818 -0.77413022903589301       0.59928364249860322        3.7693696493951157E-005
         819 -0.77415332575387974       0.59931970999376449        3.9613862323761850E-005
         820 -0.77424718300176398       0.59946470660782269        3.7538885348104012E-005
         821 -0.77428117669174745       0.59951726684337614        3.7039151369600010E-005
         822 -0.77440429572711755       0.59970840546627691        3.9951410400057563E-005
         823 -0.77442389514041521       0.59973913301036519        4.2272786952152197E-005
         824 -0.77450764412211803       0.59986823536445300        3.8403505372291979E-005
         825 -0.77452598755972502       0.59989601136184789        3.4412228003960488E-005
         826 -0.77450029418625399       0.59985641143477619        3.5660876138848829E-005
         827 -0.77446931001435593       0.59980821541828078        3.4395401051628971E-005
         828 -0.77436815592565189       0.59965215587880771        3.8218544456264381E-005
         829 -0.77444587369669704       0.59977257570595210        3.8527625698114853E-005
         830 -0.77473738075727050       0.60022405846272953        3.7808250585164016E-005
         831 -0.77460256629697610       0.60001510164109018        3.7287045180633971E-005
         832 -0.77477459006621463       0.60028184840223964        3.8643687304273922E-005
         833 -0.77467445316429129       0.60012694564175695        4.0232852269866948E-005
         834 -0.77485510672877922       0.60040682692429859        3.9940628942386480E-005
         835 -0.77495795432658154       0.60056637948037750        4.0928164608822204E-005
         836 -0.77492302135652580       0.60051238008118546        4.1819080368044048E-005
         837 -0.77485810964266366       0.60041216205723658        4.4199863964700103E-005
         838 -0.77485672889893009       0.60040976236015120        4.2575251257143121E-005
         839 -0.77493685842609250       0.60053353911118468        4.0028524268126420E-005
         840 -0.77482842892927162       0.60036514264016894        3.7802269785280895E-005
         841 -0.77475675305315483       0.60025501174742657        4.3658412246516676E-005
         842 -0.77489653855374452       0.60047155256419504        4.3169385126329285E-005
         843 -0.77500935847782004       0.60064623850586063        4.2079860365640265E-005
         844 -0.77507037262265610       0.60074080438412747        4.2011666902957989E-005
         845 -0.77514320343868426       0.60085376804368484        4.2388790621322725E-005
         846 -0.77517615402614770       0.60090561214998606        4.7139870101159387E-005
         847 -0.77504618323818542       0.60070442935907742        4.9020043740855002E-005
         848 -0.77514951288237177       0.60086392853845405        4.4757604223538694E-005
         849 -0.77516158768155985       0.60088187341015398        3.9914957233877502E-005
         850 -0.77517225517912625       0.60089845562177657        4.0190139276308212E-005
         851 -0.77515722362120831       0.60087483510071815        3.8211053613596002E-005
         852 -0.77520134774387650       0.60094355812365208        4.0178623309655714E-005
         853 -0.77502584452449907       0.60067230432068719        4.5278998588721420E-005
         854 -0.77517117706236061       0.60089784366523369        4.6811981175426398E-005
         855 -0.77509943566670592       0.60078622022667494        4.4281598930717703E-005
         856 -0.77530171360897160       0.60110018767397000        4.6503431013616980E-005
         857 -0.77534848000621337       0.60117272632755447        4.6630497556321426E-005
         858 -0.77520227216870008       0.60094592533521329        4.6015998111936796E-005
         859 -0.77520243716184467       0.60094586400654548        4.4033905510776350E-005
         860 -0.77513838268889279       0.60084599484889789        4.0515820909359235E-005
         861 -0.77504721981005620       0.60070536621469217        4.4832996216187526E-005
         862 -0.77514739633636942       0.60086030281210001        4.2604781546468073E-005
         863 -0.77504773693671236       0.60070631662848084        4.5763111009705648E-005
         864 -0.77520544987682549       0.60095116384597791        4.7964545290407612E-005
         865 -0.77504164555294053       0.60069626763210893        4.1970566869165005E-005
         866 -0.77516567713856011       0.60088897540195740        4.4677426718625624E-005
         867 -0.77508320248960105       0.60076130662534533        4.5849023808802736E-005
         868 -0.77521642840436100       0.60096760419539796        4.4333296151527479E-005
         869 -0.77543154306180118       0.60130065201486160        4.1087747847112777E-005
         870 -0.77535524221246321       0.60118214945089776        3.9986403439079554E-005
         871 -0.77560939553873642       0.60157533373563155        3.3745547921293362E-005
         872 -0.77568768636491980       0.60169685811189477        3.4195835828948473E-005
         873 -0.77561562473332391       0.60158552796739440        3.7066480813169322E-005
         874 -0.77555620515524293       0.60149372544854751        3.9363085914401186E-005
         875 -0.77553528515474590       0.60146098553597216        3.7543849494559023E-005
         876 -0.77573092895117690       0.60176488528017646        4.0069679503595967E-005
         877 -0.77592378757202352       0.60206400754117528        3.9271381628569468E-005
         878 -0.77588563171200309       0.60200435532467433        3.6511422126656035E-005
         879 -0.77583508752651831       0.60192588990826446        3.6292943651067278E-005
         880 -0.77589269660182536       0.60201553635488625        3.7873217712675045E-005
         881 -0.77586135359149477       0.60196756565110165        4.2035339219842482E-005
         882 -0.77585918648530616       0.60196436560204569        4.3052177528535296E-005
         883 -0.77597145006687962       0.60213935651814088        4.7907495281246382E-005
         884 -0.77600888594105111       0.60219706755167601        4.5478076279859003E-005
         885 -0.77600554876992955       0.60219169700831876        4.4283041245041233E-005
         886 -0.77592596986302376       0.60206802582498931        4.3219481970363516E-005
         887 -0.77591455443945367       0.60205060420468337        4.5052585671834233E-005
         888 -0.77592314298031972       0.60206415179105521        4.6424866234628936E-005
         889 -0.77577341418337153       0.60183152906313642        4.4618183821926172E-005
         890 -0.77591060946329793       0.60204445879355184        4.4905724033705852E-005
         891 -0.77604318606289779       0.60224987030987365        4.2772970126198073E-005
         892 -0.77631055065331656       0.60266467785423372        4.1292491113203988E-005
         893 -0.77621189140501046       0.60251043177368535        3.4571344634942713E-005
         894 -0.77627842509010958       0.60261390012913396        3.5667929706995061E-005
         895 -0.77651239219714863       0.60297793324899596        4.0237582860092047E-005
         896 -0.77642403611695021       0.60284033997976760        3.7850747702794507E-005
         897 -0.77643924434103284       0.60286411776494275        3.8860075429053564E-005
         898 -0.77630364822532738       0.60265331083401152        3.7228662867067053E-005
         899 -0.77625075150274170       0.60257085198942573        3.5142380340469348E-005
         900 -0.77617616381640719       0.60245553721654610        3.8124623699675730E-005
         901 -0.77629469868276435       0.60263939297009905        3.7086044595013856E-005
         902 -0.77645868722145017       0.60289325194006405        3.2243615039062590E-005
         903 -0.77646923092644116       0.60290984240873879        3.3598957748653957E-005
         904 -0.77662986661452926       0.60315848239832026        2.8329253867059867E-005
         905 -0.77652641026594493       0.60299809889220946        3.0206573092828037E-005
         906 -0.77649935021008032       0.60295595103856992        2.9438511831014758E-005
         907 -0.77654867626584090       0.60303249286733052        2.9039106879541476E-005
         908 -0.77669253276138228       0.60325536870623464        2.5489118398586141E-005
         909 -0.77661569236926142       0.60313598804859558        2.5340090051978459E-005
         910 -0.77655446067886880       0.60304095493716481        2.5778355725036839E-005
         911 -0.77642703908142885       0.60284360792210012        2.9130658409093346E-005
         912 -0.77653143409046488       0.60300547113649183        2.7518786861746580E-005
         913 -0.77649493742548625       0.60294874513096308        2.7233022208139612E-005
         914 -0.77657718966267619       0.60307650181126782        2.7314418048207667E-005
         915 -0.77665710946995015       0.60320072950105785        2.7898817748367444E-005
         916 -0.77667775714997123       0.60323319472564119        3.0351713321830065E-005
         917 -0.77675749812848605       0.60335719847221125        3.1172333664342133E-005
         918 -0.77684559586564528       0.60349433825496290        3.2865244459223675E-005
         919 -0.77674119747950277       0.60333204579830779        3.2237102599169676E-005
         920 -0.77679898537568204       0.60342124925791030        2.8659857632951091E-005
         921 -0.77683283178327123       0.60347360179624188        2.7207873910806146E-005
         922 -0.77683968029206918       0.60348450749708926        2.8866380031439265E-005
         923 -0.77681347668653111       0.60344378687922939        2.8808233834554109E-005
         924 -0.77681217905779554       0.60344190634433170        2.9655073819495614E-005
         925 -0.77714111534890384       0.60395281656385524        2.8146238231080423E-005
         926 -0.77705146484423337       0.60381359039034266        2.8821086086455727E-005
         927 -0.77705465053347333       0.60381853660284213        2.8791794648430624E-005
         928 -0.77715210185907702       0.60397016032637385        2.9818139953702305E-005
         929 -0.77703100609711795       0.60378194215252889        2.9735726434637622E-005
         930 -0.77714909814413069       0.60396549541919398        2.9841705989630540E-005
         931 -0.77711437684438278       0.60391220633125453        3.4072706382032303E-005
         932 -0.77713460270483115       0.60394373949136615        3.4679813565308137E-005
         933 -0.77716332545595734       0.60398859661765258        3.6013649314103890E-005
         934 -0.77701601948067822       0.60375924761030442        3.3456754416905099E-005
         935 -0.77710454302956689       0.60389664490073958        3.2338147172572551E-005
         936 -0.77708320021092625       0.60386347463107826        3.2341131398633260E-005
         937 -0.77679530862655444       0.60341640106891858        3.4059779341344409E-005
         938 -0.77696447388220857       0.60367896525601283        3.2322380973115461E-005
         939 -0.77713295167144614       0.60394014395323248        2.8246122864283851E-005
         940 -0.77732496191750111       0.60423830037904613        2.6274743759879815E-005
         941 -0.77736092740448237       0.60429462730344496        2.8849051800228231E-005
         942 -0.77730788282959873       0.60421250714000962        3.1015193602962343E-005
         943 -0.77740989709962882       0.60437079952774120        2.9071370535871388E-005
         944 -0.77747212638660912       0.60446796942817205        3.1638250353599462E-005
         945 -0.77746984852241963       0.60446451005151758        3.2154312771398574E-005
         946 -0.77755231806201675       0.60459202035245041        2.7581430217527014E-005
         947 -0.77746741648313133       0.60446012514976166        2.8384105042744689E-005
         948 -0.77747165962647169       0.60446647384548502        2.6827019655034645E-005
         949 -0.77758258349045606       0.60463873216006792        2.5362577348725379E-005
         950 -0.77761244681858344       0.60468491866972340        2.3757640869870311E-005
         951 -0.77738707144024999       0.60433525932274379        2.8753001846820725E-005
         952 -0.77740651111918091       0.60436503302156586        2.5934319179687915E-005
         953 -0.77735458358312570       0.60428472036056058        2.8573392911457329E-005
         954 -0.77752086978746182       0.60454295151939674        2.6553527159717261E-005
         955 -0.77774999145602930       0.60489907148755684        2.5139235645260660E-005
         956 -0.77771329755980889       0.60484200573341018        2.5203325364903106E-005
         957 -0.77764359839119979       0.60473353362366122        2.4796905297164162E-005
         958 -0.77766874266347508       0.60477264145784404        2.4800887836462504E-005
         959 -0.77786166440726046       0.60507279032416972        2.5133560851292591E-005
         960 -0.77791505264866578       0.60515602362568310        2.6215551916786151E-005
         961 -0.77797230446615817       0.60524509158553308        2.6156682177147506E-005
         962 -0.77789804653805383       0.60512959087716511        2.6375434030584399E-005
         963 -0.77783829973600060       0.60503700698046192        2.8665276684963770E-005
         964 -0.77791308170857476       0.60515349521431561        2.9578256149215276E-005
         965 -0.77790810392047038       0.60514579584204464        2.9860605645776195E-005
         966 -0.77789112746542188       0.60511930987091400        2.9398009304681949E-005
         967 -0.77787215656349362       0.60508949572453308        2.7523548704749823E-005
         968 -0.77792378287338937       0.60516983626168663        2.7651885264878828E-005
         969 -0.77781049470819275       0.60499363997147226        2.7964332929841795E-005
         970 -0.77789986617109419       0.60513237971496747        2.6112037257441933E-005
         971 -0.77790747092262658       0.60514484436331728        3.0069038001179216E-005
         972 -0.77795362731976425       0.60521608458870335        2.6489554529052217E-005
         973 -0.77786877075300220       0.60508402767822322        2.6269783977989070E-005
         974 -0.77783827720894760       0.60503691552677386        2.8312721189055479E-005
         975 -0.77782426375526192       0.60501500994713120        2.7654129474558031E-005
         976 -0.77797849320722334       0.60525504133930652        2.8159039530684105E-005
         977 -0.77817992765142541       0.60556860954927394        2.8810935601836229E-005
         978 -0.77822022394941881       0.60563073516825694        2.5113777333413134E-005
         979 -0.77810234424948455       0.60544758052852266        2.7015012370873448E-005
         980 -0.77806938629958955       0.60539668592380713        2.9475169920079036E-005
         981 -0.77803557060273332       0.60534376946277035        2.7627122809598115E-005
         982 -0.77804261561402654       0.60535483588623196        2.8276091975504292E-005
         983 -0.77802235368902062       0.60532311366959279        2.7067686183407380E-005
         984 -0.77810472581572332       0.60545154066351670        2.8602042217301671E-005
         985 -0.77809907350711094       0.60544278411531727        2.8849516830325994E-005
         986 -0.77807717455991643       0.60540850804985236        2.7615491935556458E-005
         987 -0.77801198349400313       0.60530711671625381        2.7939099880164298E-005
         988 -0.77824643822535111       0.60567185052137529        2.7074443312985474E-005
         989 -0.77832571093370029       0.60579534683847358        2.7715862647298417E-005
         990 -0.77843627714470354       0.60596711432903638        2.5479713317011488E-005
         991 -0.77835086281148724       0.60583420687714462        2.5882735987109440E-005
         992 -0.77854809013817583       0.60614115070281771        2.5137781353712363E-005
         993 -0.77856856783111639       0.60617261407813694        2.2495397132560324E-005
         994 -0.77859507574007858       0.60621417031300862        2.4239664436764841E-005
         995 -0.77840586815012824       0.60591963581348718        2.4626518327353075E-005
         996 -0.77855817211414791       0.60615701114440024        2.6148616731613838E-005
         997 -0.77845139503637606       0.60599080716018050        2.6454538128162230E-005
         998 -0.77854872581084233       0.60614242858880929        2.6938294519357475E-005
         999 -0.77877628426617496       0.60649665764871885        2.5979458054270488E-005
        1000 -0.77877489741744033       0.60649459715832044        2.6601942348242202E-005
