  0.899999976      -2.00000000       0.00000000      -2.00000000       1600.00000    
  0.912000000      -2.00000000       0.00000000      -2.00000000       1600.00000    
  0.923999965      -2.00000000       0.00000000      -2.00000000       1600.00000    
  0.935999990      -2.00000000       0.00000000      -2.00000000       1600.00000    
  0.947999954      -2.00000000       0.00000000      -2.00000000       1600.00000    
  0.959999979      -2.00000000       0.00000000      -2.00000000       1600.00000    
  0.972000003      -2.00000000       0.00000000      -2.00000000       1600.00000    
  0.983999968      -2.00000000       0.00000000      -2.00000000       1600.00000    
  0.995999992      -2.00000000       0.00000000      -2.00000000       1600.00000    
   1.00800002      -2.00000000       0.00000000      -2.00000000       1600.00000    
   1.01999998      -2.00000000       0.00000000      -2.00000000       1600.00000    
   1.03199995      -2.00000000       0.00000000      -2.00000000       1600.00000    
   1.04399991      -2.00000000       0.00000000      -2.00000000       1600.00000    
   1.05599999      -2.00000000       0.00000000      -2.00000000       1600.00000    
   1.06799996      -2.00000000       0.00000000      -2.00000000       1600.00000    
   1.07999992      -2.00000000       0.00000000      -2.00000000       1600.00000    
   1.09200001      -1.98000002       0.00000000      -1.98000002       1568.16003    
   1.10399997      -2.00000000       0.00000000      -2.00000000       1600.00000    
   1.11599994      -2.00000000       0.00000000      -2.00000000       1600.00000    
   1.12800002      -2.00000000       0.00000000      -2.00000000       1600.00000    
   1.13999999      -1.98000002       0.00000000      -1.98000002       1568.16003    
   1.15199995      -1.98000002       0.00000000      -1.98000002       1568.16003    
   1.16400003      -2.00000000       0.00000000      -2.00000000       1600.00000    
   1.17600000      -2.00000000       0.00000000      -2.00000000       1600.00000    
   1.18799996      -2.00000000       0.00000000      -2.00000000       1600.00000    
   1.20000005      -2.00000000       0.00000000      -2.00000000       1600.00000    
   1.21200001      -2.00000000       0.00000000      -2.00000000       1600.00000    
   1.22399998      -2.00000000       0.00000000      -2.00000000       1600.00000    
   1.23599994      -1.98000002       0.00000000      -1.98000002       1568.16003    
   1.24799991      -2.00000000       0.00000000      -2.00000000       1600.00000    
   1.25999999      -1.97000003       0.00000000      -1.97000003       1552.35999    
   1.27199996      -1.96000004       0.00000000      -1.96000004       1536.64001    
   1.28399992      -2.00000000       0.00000000      -2.00000000       1600.00000    
   1.29600000      -2.00000000       0.00000000      -2.00000000       1600.00000    
   1.30799997      -2.00000000       0.00000000      -2.00000000       1600.00000    
   1.31999993      -1.95000005       0.00000000      -1.95000005       1521.00000    
   1.33200002      -1.96000004       0.00000000      -1.96000004       1536.64001    
   1.34399998      -1.94000006       0.00000000      -1.94000006       1505.43994    
   1.35599995      -1.98000002       0.00000000      -1.98000002       1568.16003    
   1.36800003      -2.00000000       0.00000000      -2.00000000       1600.00000    
   1.38000000      -1.98000002       0.00000000      -1.98000002       1568.16003    
   1.39199996      -1.95000005       0.00000000      -1.95000005       1521.00000    
   1.40400004      -1.98000002       0.00000000      -1.98000002       1568.16003    
   1.41600001      -1.96000004       0.00000000      -1.96000004       1536.64001    
   1.42799997      -1.92999995       0.00000000      -1.92999995       1489.95996    
   1.44000006      -1.95000005       0.00000000      -1.95000005       1521.00000    
   1.45199990      -1.97000003       0.00000000      -1.97000003       1552.35999    
   1.46399999      -1.96000004       0.00000000      -1.96000004       1536.64001    
   1.47599995      -1.95000005       0.00000000      -1.95000005       1521.00000    
   1.48799992      -1.96000004       0.00000000      -1.96000004       1536.64001    
   1.50000000      -1.91999996       0.00000000      -1.91999996       1474.56006    
   1.51199996      -1.96000004       0.00000000      -1.96000004       1536.64001    
   1.52399993      -1.96000004       0.00000000      -1.96000004       1536.64001    
   1.53600001      -1.86000001       0.00000000      -1.86000001       1383.83997    
   1.54799998      -1.98000002       0.00000000      -1.98000002       1568.16003    
   1.55999994      -1.96000004       0.00000000      -1.96000004       1536.64001    
   1.57200003      -1.98000002       0.00000000      -1.98000002       1568.16003    
   1.58399999      -1.98000002       0.00000000      -1.98000002       1568.16003    
   1.59599996      -1.84000003       0.00000000      -1.84000003       1354.23999    
   1.60800004      -1.90999997       0.00000000      -1.90999997       1459.23999    
   1.62000000      -1.96000004       0.00000000      -1.96000004       1536.64001    
   1.63199997      -1.88999999       0.00000000      -1.88999999       1428.83997    
   1.64400005      -1.89999998       0.00000000      -1.89999998       1444.00000    
   1.65599990      -1.94000006       0.00000000      -1.94000006       1505.43994    
   1.66799998      -1.88999999       0.00000000      -1.88999999       1428.83997    
   1.68000007      -1.88000000       0.00000000      -1.88000000       1413.76001    
   1.69199991      -1.89999998       0.00000000      -1.89999998       1444.00000    
   1.70400000      -1.87000000       0.00000000      -1.87000000       1398.76001    
   1.71599996      -1.90999997       0.00000000      -1.90999997       1459.23999    
   1.72799993      -1.82000005       0.00000000      -1.82000005       1324.95996    
   1.74000001      -1.94000006       0.00000000      -1.94000006       1505.43994    
   1.75199997      -1.98000002       0.00000000      -1.98000002       1568.16003    
   1.76399994      -1.76999998       0.00000000      -1.76999998       1253.16003    
   1.77600002      -1.75999999       0.00000000      -1.75999999       1239.04004    
   1.78799999      -1.86000001       0.00000000      -1.86000001       1383.83997    
   1.79999995      -1.88000000       0.00000000      -1.88000000       1413.76001    
   1.81200004      -1.86000001       0.00000000      -1.86000001       1383.83997    
   1.82400000      -1.90999997       0.00000000      -1.90999997       1459.23999    
   1.83599997      -1.86000001       0.00000000      -1.86000001       1383.83997    
   1.84800005      -1.89999998       0.00000000      -1.89999998       1444.00000    
   1.86000001      -1.95000005       0.00000000      -1.95000005       1521.00000    
   1.87199998      -1.83000004       0.00000000      -1.83000004       1339.56006    
   1.88400006      -1.79999995       0.00000000      -1.79999995       1296.00000    
   1.89599991      -1.80999994       0.00000000      -1.80999994       1310.43994    
   1.90799999      -1.76999998       0.00000000      -1.76999998       1253.16003    
   1.91999996      -1.90999997       0.00000000      -1.90999997       1459.23999    
   1.93200004      -1.74000001       0.00000000      -1.74000001       1211.04004    
   1.94400001      -1.89999998       0.00000000      -1.89999998       1444.00000    
   1.95599997      -1.85000002       0.00000000      -1.85000002       1369.00000    
   1.96799994      -1.84000003       0.00000000      -1.84000003       1354.23999    
   1.98000002      -1.73000002       0.00000000      -1.73000002       1197.16003    
   1.99199998      -1.75999999       0.00000000      -1.75999999       1239.04004    
   2.00399995      -1.86000001       0.00000000      -1.86000001       1383.83997    
   2.01600003      -1.73000002       0.00000000      -1.73000002       1197.16003    
   2.02799988      -1.65999997       0.00000000      -1.65999997       1102.23999    
   2.03999996      -1.70000005       0.00000000      -1.70000005       1156.00000    
   2.05200005      -1.67999995       0.00000000      -1.67999995       1128.95996    
   2.06400013      -1.63000000       0.00000000      -1.63000000       1062.76001    
   2.07599998      -1.77999997       0.00000000      -1.77999997       1267.35999    
   2.08799982      -1.66999996       0.00000000      -1.66999996       1115.56006    
   2.09999990      -1.75999999       0.00000000      -1.75999999       1239.04004    
   2.11199999      -1.55999994       0.00000000      -1.55999994       973.440002    
   2.12400007      -1.82000005       0.00000000      -1.82000005       1324.95996    
   2.13600016      -1.63999999       0.00000000      -1.63999999       1075.83997    
   2.14800000      -1.76999998       0.00000000      -1.76999998       1253.16003    
   2.15999985      -1.69000006       0.00000000      -1.69000006       1142.43994    
   2.17199993      -1.76999998       0.00000000      -1.76999998       1253.16003    
   2.18400002      -1.70000005       0.00000000      -1.70000005       1156.00000    
   2.19600010      -1.60000002       0.00000000      -1.60000002       1024.00000    
   2.20799994      -1.67999995       0.00000000      -1.67999995       1128.95996    
   2.22000003      -1.72000003       0.00000000      -1.72000003       1183.35999    
   2.23199987      -1.69000006       0.00000000      -1.69000006       1142.43994    
   2.24399996      -1.69000006       0.00000000      -1.69000006       1142.43994    
   2.25600004      -1.48000002       0.00000000      -1.48000002       876.159973    
   2.26800013      -1.34000003       0.00000000      -1.34000003       718.239990    
   2.27999997      -1.42999995       0.00000000      -1.42999995       817.960022    
   2.29199982      -1.52999997       0.00000000      -1.52999997       936.359985    
   2.30399990      -1.74000001       0.00000000      -1.74000001       1211.04004    
   2.31599998      -1.57000005       0.00000000      -1.57000005       985.960022    
   2.32800007      -1.52999997       0.00000000      -1.52999997       936.359985    
   2.34000015      -1.49000001       0.00000000      -1.49000001       888.039978    
   2.35200000      -1.29999995       0.00000000      -1.29999995       676.000000    
   2.36399984      -1.41999996       0.00000000      -1.41999996       806.559998    
   2.37599993      -1.38999999       0.00000000      -1.38999999       772.840027    
   2.38800001      -1.28999996       0.00000000      -1.28999996       665.640015    
   2.40000010      -1.42999995       0.00000000      -1.42999995       817.960022    
   2.41199994      -1.37000000       0.00000000      -1.37000000       750.760010    
   2.42400002      -1.27999997       0.00000000      -1.27999997       655.359985    
   2.43599987      -1.45000005       0.00000000      -1.45000005       841.000000    
   2.44799995      -1.30999994       0.00000000      -1.30999994       686.440002    
   2.46000004      -1.34000003       0.00000000      -1.34000003       718.239990    
   2.47200012      -1.22000003       0.00000000      -1.22000003       595.359985    
   2.48399997      -1.30999994       0.00000000      -1.30999994       686.440002    
   2.49599981      -1.27999997       0.00000000      -1.27999997       655.359985    
   2.50799990      -1.41999996       0.00000000      -1.41999996       806.559998    
   2.51999998      -1.30999994       0.00000000      -1.30999994       686.440002    
   2.53200006      -1.35000002       0.00000000      -1.35000002       729.000000    
   2.54400015      -1.34000003       0.00000000      -1.34000003       718.239990    
   2.55599999      -1.33000004       0.00000000      -1.33000004       707.559998    
   2.56799984      -1.25000000       0.00000000      -1.25000000       625.000000    
   2.57999992      -1.28999996       0.00000000      -1.28999996       665.640015    
   2.59200001      -1.54999995       0.00000000      -1.54999995       961.000000    
   2.60400009      -1.32000005       0.00000000      -1.32000005       696.960022    
   2.61599994      -1.21000004       0.00000000      -1.21000004       585.640015    
   2.62800002      -1.00999999       0.00000000      -1.00999999       408.040009    
   2.63999987     -0.990000010       0.00000000     -0.990000010       392.040009    
   2.65199995      -1.09000003       0.00000000      -1.09000003       475.239990    
   2.66400003      -1.05999994       0.00000000      -1.05999994       449.440002    
   2.67600012      -1.12000000       0.00000000      -1.12000000       501.760010    
   2.68799996      -1.10000002       0.00000000      -1.10000002       484.000000    
   2.70000005      -1.23000002       0.00000000      -1.23000002       605.159973    
   2.71199989      -1.07000005       0.00000000      -1.07000005       457.959991    
   2.72399998      -1.09000003       0.00000000      -1.09000003       475.239990    
   2.73600006      -1.22000003       0.00000000      -1.22000003       595.359985    
   2.74800014      -1.14999998       0.00000000      -1.14999998       529.000000    
   2.75999999     -0.990000010       0.00000000     -0.990000010       392.040009    
   2.77199984      -1.07000005       0.00000000      -1.07000005       457.959991    
   2.78399992     -0.949999988       0.00000000     -0.949999988       361.000000    
   2.79600000      -1.07000005       0.00000000      -1.07000005       457.959991    
   2.80800009      -1.04999995       0.00000000      -1.04999995       441.000000    
   2.82000017      -1.10000002       0.00000000      -1.10000002       484.000000    
   2.83200002     -0.879999995       0.00000000     -0.879999995       309.760010    
   2.84399986      -1.20000005       0.00000000      -1.20000005       576.000000    
   2.85599995      -1.02999997       0.00000000      -1.02999997       424.359985    
   2.86800003      -1.09000003       0.00000000      -1.09000003       475.239990    
   2.88000011     -0.920000017       0.00000000     -0.920000017       338.559998    
   2.89199996      -1.00999999       0.00000000      -1.00999999       408.040009    
   2.90399981     -0.990000010       0.00000000     -0.990000010       392.040009    
   2.91599989      -1.04999995       0.00000000      -1.04999995       441.000000    
   2.92799997     -0.930000007       0.00000000     -0.930000007       345.959991    
   2.94000006      -1.15999997       0.00000000      -1.15999997       538.239990    
   2.95200014     -0.850000024       0.00000000     -0.850000024       289.000000    
   2.96400023     -0.889999986       0.00000000     -0.889999986       316.839996    
   2.97599983     -0.990000010       0.00000000     -0.990000010       392.040009    
   2.98799992     -0.980000019       0.00000000     -0.980000019       384.160004    
   3.00000000     -0.879999995       0.00000000     -0.879999995       309.760010    
   3.01200008      -1.11000001       0.00000000      -1.11000001       492.839996    
   3.02400017      -1.01999998       0.00000000      -1.01999998       416.160004    
   3.03599977     -0.980000019       0.00000000     -0.980000019       384.160004    
   3.04799986      -1.13000000       0.00000000      -1.13000000       510.760010    
   3.05999994     -0.860000014       0.00000000     -0.860000014       295.839996    
   3.07200003     -0.860000014       0.00000000     -0.860000014       295.839996    
   3.08400011     -0.920000017       0.00000000     -0.920000017       338.559998    
   3.09600019     -0.959999979       0.00000000     -0.959999979       368.640015    
   3.10799980      -1.00000000       0.00000000      -1.00000000       400.000000    
   3.11999989     -0.910000026       0.00000000     -0.910000026       331.239990    
   3.13199997     -0.810000002       0.00000000     -0.810000002       262.440002    
   3.14400005     -0.819999993       0.00000000     -0.819999993       268.959991    
   3.15600014     -0.889999986       0.00000000     -0.889999986       316.839996    
   3.16800022     -0.970000029       0.00000000     -0.970000029       376.359985    
   3.17999983     -0.769999981       0.00000000     -0.769999981       237.160004    
   3.19199991     -0.879999995       0.00000000     -0.879999995       309.760010    
   3.20400000     -0.860000014       0.00000000     -0.860000014       295.839996    
   3.21600008     -0.949999988       0.00000000     -0.949999988       361.000000    
   3.22800016     -0.990000010       0.00000000     -0.990000010       392.040009    
   3.23999977      -1.00999999       0.00000000      -1.00999999       408.040009    
   3.25199986     -0.860000014       0.00000000     -0.860000014       295.839996    
   3.26399994     -0.850000024       0.00000000     -0.850000024       289.000000    
   3.27600002     -0.889999986       0.00000000     -0.889999986       316.839996    
   3.28800011     -0.899999976       0.00000000     -0.899999976       324.000000    
   3.30000019     -0.769999981       0.00000000     -0.769999981       237.160004    
   3.31199980      -1.00000000       0.00000000      -1.00000000       400.000000    
   3.32399988     -0.790000021       0.00000000     -0.790000021       249.639999    
   3.33599997     -0.870000005       0.00000000     -0.870000005       302.760010    
   3.34800005     -0.740000010       0.00000000     -0.740000010       219.039993    
   3.36000013     -0.860000014       0.00000000     -0.860000014       295.839996    
   3.37200022     -0.879999995       0.00000000     -0.879999995       309.760010    
   3.38399982     -0.769999981       0.00000000     -0.769999981       237.160004    
   3.39599991     -0.939999998       0.00000000     -0.939999998       353.440002    
   3.40799999     -0.769999981       0.00000000     -0.769999981       237.160004    
   3.42000008      -1.04999995       0.00000000      -1.04999995       441.000000    
   3.43200016     -0.839999974       0.00000000     -0.839999974       282.239990    
   3.44399977     -0.879999995       0.00000000     -0.879999995       309.760010    
   3.45599985     -0.790000021       0.00000000     -0.790000021       249.639999    
   3.46799994     -0.660000026       0.00000000     -0.660000026       174.240005    
   3.48000002     -0.680000007       0.00000000     -0.680000007       184.960007    
   3.49200010     -0.629999995       0.00000000     -0.629999995       158.759995    
   3.50400019     -0.730000019       0.00000000     -0.730000019       213.160004    
   3.51599979     -0.819999993       0.00000000     -0.819999993       268.959991    
   3.52799988     -0.860000014       0.00000000     -0.860000014       295.839996    
   3.53999996     -0.750000000       0.00000000     -0.750000000       225.000000    
   3.55200005     -0.819999993       0.00000000     -0.819999993       268.959991    
   3.56400013     -0.709999979       0.00000000     -0.709999979       201.639999    
   3.57600021     -0.879999995       0.00000000     -0.879999995       309.760010    
   3.58799982     -0.920000017       0.00000000     -0.920000017       338.559998    
   3.59999990     -0.790000021       0.00000000     -0.790000021       249.639999    
   3.61199999     -0.889999986       0.00000000     -0.889999986       316.839996    
   3.62400007     -0.660000026       0.00000000     -0.660000026       174.240005    
   3.63600016     -0.810000002       0.00000000     -0.810000002       262.440002    
   3.64799976     -0.889999986       0.00000000     -0.889999986       316.839996    
   3.65999985     -0.889999986       0.00000000     -0.889999986       316.839996    
   3.67199993     -0.709999979       0.00000000     -0.709999979       201.639999    
   3.68400002     -0.689999998       0.00000000     -0.689999998       190.440002    
   3.69600010     -0.589999974       0.00000000     -0.589999974       139.240005    
   3.70800018     -0.740000010       0.00000000     -0.740000010       219.039993    
   3.71999979     -0.720000029       0.00000000     -0.720000029       207.360001    
   3.73199987     -0.550000012       0.00000000     -0.550000012       121.000000    
   3.74399996     -0.889999986       0.00000000     -0.889999986       316.839996    
   3.75600004     -0.740000010       0.00000000     -0.740000010       219.039993    
   3.76800013     -0.730000019       0.00000000     -0.730000019       213.160004    
   3.78000021     -0.680000007       0.00000000     -0.680000007       184.960007    
   3.79199982     -0.639999986       0.00000000     -0.639999986       163.839996    
   3.80399990     -0.800000012       0.00000000     -0.800000012       256.000000    
   3.81599998     -0.769999981       0.00000000     -0.769999981       237.160004    
   3.82800007     -0.730000019       0.00000000     -0.730000019       213.160004    
   3.84000015     -0.670000017       0.00000000     -0.670000017       179.559998    
   3.85200024     -0.660000026       0.00000000     -0.660000026       174.240005    
   3.86399984     -0.740000010       0.00000000     -0.740000010       219.039993    
   3.87599993     -0.589999974       0.00000000     -0.589999974       139.240005    
   3.88800001     -0.589999974       0.00000000     -0.589999974       139.240005    
   3.90000010     -0.750000000       0.00000000     -0.750000000       225.000000    
   3.91200018     -0.540000021       0.00000000     -0.540000021       116.639999    
   3.92399979     -0.930000007       0.00000000     -0.930000007       345.959991    
   3.93599987     -0.800000012       0.00000000     -0.800000012       256.000000    
   3.94799995     -0.829999983       0.00000000     -0.829999983       275.559998    
   3.96000004     -0.819999993       0.00000000     -0.819999993       268.959991    
   3.97200012     -0.750000000       0.00000000     -0.750000000       225.000000    
   3.98400021     -0.660000026       0.00000000     -0.660000026       174.240005    
   3.99599981     -0.740000010       0.00000000     -0.740000010       219.039993    
   4.00799990     -0.600000024       0.00000000     -0.600000024       144.000000    
   4.01999998     -0.699999988       0.00000000     -0.699999988       196.000000    
   4.03200006     -0.699999988       0.00000000     -0.699999988       196.000000    
   4.04400015     -0.910000026       0.00000000     -0.910000026       331.239990    
   4.05600023     -0.949999988       0.00000000     -0.949999988       361.000000    
   4.06799984     -0.629999995       0.00000000     -0.629999995       158.759995    
   4.07999992     -0.769999981       0.00000000     -0.769999981       237.160004    
   4.09200001     -0.589999974       0.00000000     -0.589999974       139.240005    
   4.10400009     -0.699999988       0.00000000     -0.699999988       196.000000    
   4.11600018     -0.560000002       0.00000000     -0.560000002       125.440002    
   4.12799978     -0.680000007       0.00000000     -0.680000007       184.960007    
   4.13999987     -0.689999998       0.00000000     -0.689999998       190.440002    
   4.15199995     -0.709999979       0.00000000     -0.709999979       201.639999    
   4.16400003     -0.750000000       0.00000000     -0.750000000       225.000000    
   4.17600012     -0.610000014       0.00000000     -0.610000014       148.839996    
   4.18800020     -0.699999988       0.00000000     -0.699999988       196.000000    
   4.19999981     -0.639999986       0.00000000     -0.639999986       163.839996    
   4.21199989     -0.660000026       0.00000000     -0.660000026       174.240005    
   4.22399998     -0.649999976       0.00000000     -0.649999976       169.000000    
   4.23600006     -0.670000017       0.00000000     -0.670000017       179.559998    
   4.24800014     -0.579999983       0.00000000     -0.579999983       134.559998    
   4.26000023     -0.639999986       0.00000000     -0.639999986       163.839996    
   4.27199984     -0.670000017       0.00000000     -0.670000017       179.559998    
   4.28399992     -0.610000014       0.00000000     -0.610000014       148.839996    
   4.29600000     -0.600000024       0.00000000     -0.600000024       144.000000    
   4.30800009     -0.680000007       0.00000000     -0.680000007       184.960007    
   4.32000017     -0.740000010       0.00000000     -0.740000010       219.039993    
   4.33199978     -0.500000000       0.00000000     -0.500000000       100.000000    
   4.34399986     -0.589999974       0.00000000     -0.589999974       139.240005    
   4.35599995     -0.680000007       0.00000000     -0.680000007       184.960007    
   4.36800003     -0.479999989       0.00000000     -0.479999989       92.1600037    
   4.38000011     -0.529999971       0.00000000     -0.529999971       112.360001    
   4.39200020     -0.529999971       0.00000000     -0.529999971       112.360001    
   4.40399981     -0.689999998       0.00000000     -0.689999998       190.440002    
   4.41599989     -0.720000029       0.00000000     -0.720000029       207.360001    
   4.42799997     -0.469999999       0.00000000     -0.469999999       88.3600006    
   4.44000006     -0.469999999       0.00000000     -0.469999999       88.3600006    
   4.45200014     -0.759999990       0.00000000     -0.759999990       231.039993    
   4.46400023     -0.689999998       0.00000000     -0.689999998       190.440002    
   4.47599983     -0.560000002       0.00000000     -0.560000002       125.440002    
   4.48799992     -0.560000002       0.00000000     -0.560000002       125.440002    
   4.50000000     -0.560000002       0.00000000     -0.560000002       125.440002    
   4.51200008     -0.620000005       0.00000000     -0.620000005       153.759995    
   4.52400017     -0.469999999       0.00000000     -0.469999999       88.3600006    
   4.53599977     -0.769999981       0.00000000     -0.769999981       237.160004    
   4.54799986     -0.600000024       0.00000000     -0.600000024       144.000000    
   4.55999994     -0.680000007       0.00000000     -0.680000007       184.960007    
   4.57200003     -0.600000024       0.00000000     -0.600000024       144.000000    
   4.58400011     -0.540000021       0.00000000     -0.540000021       116.639999    
   4.59600019     -0.479999989       0.00000000     -0.479999989       92.1600037    
   4.60799980     -0.629999995       0.00000000     -0.629999995       158.759995    
   4.61999989     -0.639999986       0.00000000     -0.639999986       163.839996    
   4.63199997     -0.519999981       0.00000000     -0.519999981       108.160004    
   4.64400005     -0.589999974       0.00000000     -0.589999974       139.240005    
   4.65600014     -0.519999981       0.00000000     -0.519999981       108.160004    
   4.66800022     -0.389999986       0.00000000     -0.389999986       60.8400002    
   4.67999983     -0.409999996       0.00000000     -0.409999996       67.2399979    
   4.69199991     -0.449999988       0.00000000     -0.449999988       81.0000000    
   4.70400000     -0.439999998       0.00000000     -0.439999998       77.4400024    
   4.71600008     -0.519999981       0.00000000     -0.519999981       108.160004    
   4.72800016     -0.620000005       0.00000000     -0.620000005       153.759995    
   4.74000025     -0.600000024       0.00000000     -0.600000024       144.000000    
   4.75199986     -0.699999988       0.00000000     -0.699999988       196.000000    
   4.76399994     -0.720000029       0.00000000     -0.720000029       207.360001    
   4.77600002     -0.469999999       0.00000000     -0.469999999       88.3600006    
   4.78800011     -0.540000021       0.00000000     -0.540000021       116.639999    
   4.80000019     -0.569999993       0.00000000     -0.569999993       129.960007    
   4.81199980     -0.500000000       0.00000000     -0.500000000       100.000000    
   4.82399988     -0.469999999       0.00000000     -0.469999999       88.3600006    
   4.83599997     -0.540000021       0.00000000     -0.540000021       116.639999    
   4.84800005     -0.560000002       0.00000000     -0.560000002       125.440002    
   4.86000013     -0.519999981       0.00000000     -0.519999981       108.160004    
   4.87200022     -0.629999995       0.00000000     -0.629999995       158.759995    
   4.88399982     -0.370000005       0.00000000     -0.370000005       54.7599983    
   4.89599991     -0.529999971       0.00000000     -0.529999971       112.360001    
   4.90799999     -0.540000021       0.00000000     -0.540000021       116.639999    
   4.92000008     -0.620000005       0.00000000     -0.620000005       153.759995    
   4.93200016     -0.680000007       0.00000000     -0.680000007       184.960007    
   4.94400024     -0.680000007       0.00000000     -0.680000007       184.960007    
   4.95600033     -0.479999989       0.00000000     -0.479999989       92.1600037    
   4.96799994     -0.639999986       0.00000000     -0.639999986       163.839996    
   4.98000002     -0.670000017       0.00000000     -0.670000017       179.559998    
   4.99200010     -0.469999999       0.00000000     -0.469999999       88.3600006    
   5.00400019     -0.720000029       0.00000000     -0.720000029       207.360001    
   5.01600027     -0.460000008       0.00000000     -0.460000008       84.6399994    
   5.02800035     -0.519999981       0.00000000     -0.519999981       108.160004    
   5.03999996     -0.600000024       0.00000000     -0.600000024       144.000000    
   5.05200005     -0.569999993       0.00000000     -0.569999993       129.960007    
   5.06400013     -0.469999999       0.00000000     -0.469999999       88.3600006    
   5.07600021     -0.589999974       0.00000000     -0.589999974       139.240005    
   5.08800030     -0.529999971       0.00000000     -0.529999971       112.360001    
   5.09999990     -0.550000012       0.00000000     -0.550000012       121.000000    
   5.11199999     -0.479999989       0.00000000     -0.479999989       92.1600037    
   5.12400007     -0.550000012       0.00000000     -0.550000012       121.000000    
   5.13600016     -0.490000010       0.00000000     -0.490000010       96.0400009    
   5.14800024     -0.419999987       0.00000000     -0.419999987       70.5599976    
   5.16000032     -0.639999986       0.00000000     -0.639999986       163.839996    
   5.17199993     -0.400000006       0.00000000     -0.400000006       64.0000000    
   5.18400002     -0.540000021       0.00000000     -0.540000021       116.639999    
   5.19600010     -0.460000008       0.00000000     -0.460000008       84.6399994    
   5.20800018     -0.810000002       0.00000000     -0.810000002       262.440002    
   5.22000027     -0.519999981       0.00000000     -0.519999981       108.160004    
   5.23200035     -0.490000010       0.00000000     -0.490000010       96.0400009    
   5.24399996     -0.589999974       0.00000000     -0.589999974       139.240005    
   5.25600004     -0.469999999       0.00000000     -0.469999999       88.3600006    
   5.26800013     -0.540000021       0.00000000     -0.540000021       116.639999    
   5.28000021     -0.479999989       0.00000000     -0.479999989       92.1600037    
   5.29200029     -0.360000014       0.00000000     -0.360000014       51.8400002    
   5.30399990     -0.600000024       0.00000000     -0.600000024       144.000000    
   5.31599998     -0.680000007       0.00000000     -0.680000007       184.960007    
   5.32800007     -0.529999971       0.00000000     -0.529999971       112.360001    
   5.34000015     -0.639999986       0.00000000     -0.639999986       163.839996    
   5.35200024     -0.379999995       0.00000000     -0.379999995       57.7599983    
   5.36400032     -0.460000008       0.00000000     -0.460000008       84.6399994    
   5.37599993     -0.579999983       0.00000000     -0.579999983       134.559998    
   5.38800001     -0.349999994       0.00000000     -0.349999994       49.0000000    
   5.40000010     -0.430000007       0.00000000     -0.430000007       73.9599991    
   5.41200018     -0.519999981       0.00000000     -0.519999981       108.160004    
   5.42400026     -0.639999986       0.00000000     -0.639999986       163.839996    
   5.43600035     -0.620000005       0.00000000     -0.620000005       153.759995    
   5.44799995     -0.550000012       0.00000000     -0.550000012       121.000000    
   5.46000004     -0.519999981       0.00000000     -0.519999981       108.160004    
   5.47200012     -0.389999986       0.00000000     -0.389999986       60.8400002    
   5.48400021     -0.550000012       0.00000000     -0.550000012       121.000000    
   5.49600029     -0.629999995       0.00000000     -0.629999995       158.759995    
   5.50799990     -0.540000021       0.00000000     -0.540000021       116.639999    
   5.51999998     -0.490000010       0.00000000     -0.490000010       96.0400009    
   5.53200006     -0.529999971       0.00000000     -0.529999971       112.360001    
   5.54400015     -0.579999983       0.00000000     -0.579999983       134.559998    
   5.55600023     -0.449999988       0.00000000     -0.449999988       81.0000000    
   5.56800032     -0.620000005       0.00000000     -0.620000005       153.759995    
   5.57999992     -0.479999989       0.00000000     -0.479999989       92.1600037    
   5.59200001     -0.430000007       0.00000000     -0.430000007       73.9599991    
   5.60400009     -0.349999994       0.00000000     -0.349999994       49.0000000    
   5.61600018     -0.540000021       0.00000000     -0.540000021       116.639999    
   5.62800026     -0.439999998       0.00000000     -0.439999998       77.4400024    
   5.64000034     -0.439999998       0.00000000     -0.439999998       77.4400024    
   5.65199995     -0.449999988       0.00000000     -0.449999988       81.0000000    
   5.66400003     -0.569999993       0.00000000     -0.569999993       129.960007    
   5.67600012     -0.709999979       0.00000000     -0.709999979       201.639999    
   5.68800020     -0.310000002       0.00000000     -0.310000002       38.4399986    
   5.70000029     -0.469999999       0.00000000     -0.469999999       88.3600006    
   5.71200037     -0.500000000       0.00000000     -0.500000000       100.000000    
   5.72399998     -0.409999996       0.00000000     -0.409999996       67.2399979    
   5.73600006     -0.479999989       0.00000000     -0.479999989       92.1600037    
   5.74800014     -0.579999983       0.00000000     -0.579999983       134.559998    
   5.76000023     -0.409999996       0.00000000     -0.409999996       67.2399979    
   5.77200031     -0.509999990       0.00000000     -0.509999990       104.040001    
   5.78399992     -0.490000010       0.00000000     -0.490000010       96.0400009    
   5.79600000     -0.430000007       0.00000000     -0.430000007       73.9599991    
   5.80800009     -0.469999999       0.00000000     -0.469999999       88.3600006    
   5.82000017     -0.379999995       0.00000000     -0.379999995       57.7599983    
   5.83200026     -0.529999971       0.00000000     -0.529999971       112.360001    
   5.84400034     -0.500000000       0.00000000     -0.500000000       100.000000    
   5.85599995     -0.579999983       0.00000000     -0.579999983       134.559998    
   5.86800003     -0.379999995       0.00000000     -0.379999995       57.7599983    
   5.88000011     -0.509999990       0.00000000     -0.509999990       104.040001    
   5.89200020     -0.280000001       0.00000000     -0.280000001       31.3600006    
   5.90400028     -0.449999988       0.00000000     -0.449999988       81.0000000    
   5.91600037     -0.529999971       0.00000000     -0.529999971       112.360001    
   5.92799997     -0.469999999       0.00000000     -0.469999999       88.3600006    
   5.94000006     -0.519999981       0.00000000     -0.519999981       108.160004    
   5.95200014     -0.439999998       0.00000000     -0.439999998       77.4400024    
   5.96400023     -0.519999981       0.00000000     -0.519999981       108.160004    
   5.97600031     -0.419999987       0.00000000     -0.419999987       70.5599976    
   5.98799992     -0.469999999       0.00000000     -0.469999999       88.3600006    
   6.00000000     -0.379999995       0.00000000     -0.379999995       57.7599983    
   6.01200008     -0.289999992       0.00000000     -0.289999992       33.6399994    
   6.02400017     -0.419999987       0.00000000     -0.419999987       70.5599976    
   6.03600025     -0.370000005       0.00000000     -0.370000005       54.7599983    
   6.04800034     -0.400000006       0.00000000     -0.400000006       64.0000000    
   6.05999994     -0.319999993       0.00000000     -0.319999993       40.9599991    
   6.07200003     -0.449999988       0.00000000     -0.449999988       81.0000000    
   6.08400011     -0.569999993       0.00000000     -0.569999993       129.960007    
   6.09600019     -0.379999995       0.00000000     -0.379999995       57.7599983    
   6.10800028     -0.439999998       0.00000000     -0.439999998       77.4400024    
   6.12000036     -0.449999988       0.00000000     -0.449999988       81.0000000    
   6.13199997     -0.370000005       0.00000000     -0.370000005       54.7599983    
   6.14400005     -0.409999996       0.00000000     -0.409999996       67.2399979    
   6.15600014     -0.449999988       0.00000000     -0.449999988       81.0000000    
   6.16800022     -0.490000010       0.00000000     -0.490000010       96.0400009    
   6.18000031     -0.400000006       0.00000000     -0.400000006       64.0000000    
   6.19199991     -0.400000006       0.00000000     -0.400000006       64.0000000    
   6.20400000     -0.479999989       0.00000000     -0.479999989       92.1600037    
   6.21600008     -0.370000005       0.00000000     -0.370000005       54.7599983    
   6.22800016     -0.509999990       0.00000000     -0.509999990       104.040001    
   6.24000025     -0.620000005       0.00000000     -0.620000005       153.759995    
   6.25200033     -0.490000010       0.00000000     -0.490000010       96.0400009    
   6.26399994     -0.560000002       0.00000000     -0.560000002       125.440002    
   6.27600002     -0.360000014       0.00000000     -0.360000014       51.8400002    
   6.28800011     -0.490000010       0.00000000     -0.490000010       96.0400009    
   6.30000019     -0.409999996       0.00000000     -0.409999996       67.2399979    
   6.31200027     -0.540000021       0.00000000     -0.540000021       116.639999    
   6.32400036     -0.340000004       0.00000000     -0.340000004       46.2400017    
   6.33599997     -0.479999989       0.00000000     -0.479999989       92.1600037    
   6.34800005     -0.389999986       0.00000000     -0.389999986       60.8400002    
   6.36000013     -0.259999990       0.00000000     -0.259999990       27.0400009    
   6.37200022     -0.349999994       0.00000000     -0.349999994       49.0000000    
   6.38400030     -0.360000014       0.00000000     -0.360000014       51.8400002    
   6.39599991     -0.400000006       0.00000000     -0.400000006       64.0000000    
   6.40799999     -0.509999990       0.00000000     -0.509999990       104.040001    
   6.42000008     -0.400000006       0.00000000     -0.400000006       64.0000000    
   6.43200016     -0.400000006       0.00000000     -0.400000006       64.0000000    
   6.44400024     -0.389999986       0.00000000     -0.389999986       60.8400002    
   6.45600033     -0.460000008       0.00000000     -0.460000008       84.6399994    
   6.46799994     -0.330000013       0.00000000     -0.330000013       43.5600014    
   6.48000002     -0.560000002       0.00000000     -0.560000002       125.440002    
   6.49200010     -0.389999986       0.00000000     -0.389999986       60.8400002    
   6.50400019     -0.430000007       0.00000000     -0.430000007       73.9599991    
   6.51600027     -0.509999990       0.00000000     -0.509999990       104.040001    
   6.52800035     -0.230000004       0.00000000     -0.230000004       21.1599998    
   6.53999996     -0.430000007       0.00000000     -0.430000007       73.9599991    
   6.55200005     -0.370000005       0.00000000     -0.370000005       54.7599983    
   6.56400013     -0.360000014       0.00000000     -0.360000014       51.8400002    
   6.57600021     -0.449999988       0.00000000     -0.449999988       81.0000000    
   6.58800030     -0.349999994       0.00000000     -0.349999994       49.0000000    
   6.60000038     -0.219999999       0.00000000     -0.219999999       19.3600006    
   6.61199999     -0.439999998       0.00000000     -0.439999998       77.4400024    
   6.62400007     -0.400000006       0.00000000     -0.400000006       64.0000000    
   6.63600016     -0.469999999       0.00000000     -0.469999999       88.3600006    
   6.64800024     -0.409999996       0.00000000     -0.409999996       67.2399979    
   6.66000032     -0.349999994       0.00000000     -0.349999994       49.0000000    
   6.67199993     -0.529999971       0.00000000     -0.529999971       112.360001    
   6.68400002     -0.439999998       0.00000000     -0.439999998       77.4400024    
   6.69600010     -0.360000014       0.00000000     -0.360000014       51.8400002    
   6.70800018     -0.409999996       0.00000000     -0.409999996       67.2399979    
   6.72000027     -0.360000014       0.00000000     -0.360000014       51.8400002    
   6.73200035     -0.509999990       0.00000000     -0.509999990       104.040001    
   6.74399996     -0.529999971       0.00000000     -0.529999971       112.360001    
   6.75600004     -0.469999999       0.00000000     -0.469999999       88.3600006    
   6.76800013     -0.569999993       0.00000000     -0.569999993       129.960007    
   6.78000021     -0.569999993       0.00000000     -0.569999993       129.960007    
   6.79200029     -0.400000006       0.00000000     -0.400000006       64.0000000    
   6.80400038     -0.439999998       0.00000000     -0.439999998       77.4400024    
   6.81599998     -0.409999996       0.00000000     -0.409999996       67.2399979    
   6.82800007     -0.300000012       0.00000000     -0.300000012       36.0000000    
   6.84000015     -0.430000007       0.00000000     -0.430000007       73.9599991    
   6.85200024     -0.439999998       0.00000000     -0.439999998       77.4400024    
   6.86400032     -0.370000005       0.00000000     -0.370000005       54.7599983    
   6.87599993     -0.400000006       0.00000000     -0.400000006       64.0000000    
   6.88800001     -0.560000002       0.00000000     -0.560000002       125.440002    
