 Tiempo InterPos2 InterNeg2 InterPN2
           1                 9640                20175                35720   7160.1254882812500        5685.0146484375000       0.79398254370569110     
           2                 9643                20140                35751   7160.1254882812500        5689.9482421875000       0.79467158103584323     
           3                 9654                20162                35719   7160.1254882812500        5684.8554687500000       0.79396031229539510     
           4                 9651                20176                35707   7160.1254882812500        5682.9453125000000       0.79369353537184451     
           5                 9641                20138                35755   7160.1254882812500        5690.5849609375000       0.79476050667702680     
           6                 9644                20163                35728   7160.1254882812500        5686.2875976562500       0.79416032679354798     
           7                 9642                20141                35752   7160.1254882812500        5690.1074218750000       0.79469381244613913     
           8                 9639                20145                35751   7160.1254882812500        5689.9482421875000       0.79467158103584323     
           9                 9634                20150                35751   7160.1254882812500        5689.9482421875000       0.79467158103584323     
          10                 9632                20154                35749   7160.1254882812500        5689.6298828125000       0.79462711821525145     
          11                 9656                20138                35741   7160.1254882812500        5688.3564453125000       0.79444926693288442     
          12                 9649                20153                35732   7160.1254882812500        5686.9243164062500       0.79424925243473155     
          13                 9647                20130                35758   7160.1254882812500        5691.0625000000000       0.79482720090791448     
          14                 9645                20166                35724   7160.1254882812500        5685.6508789062500       0.79407140115236441     
          15                 9638                20155                35742   7160.1254882812500        5688.5156250000000       0.79447149834318032     
          16                 9665                20147                35723   7160.1254882812500        5685.4916992187500       0.79404916974206863     
          17                 9634                20120                35780   7160.1254882812500        5694.5634765625000       0.79531615554540369     
          18                 9634                20139                35762   7160.1254882812500        5691.6987304687500       0.79491605835458790     
          19                 9646                20148                35741   7160.1254882812500        5688.3564453125000       0.79444926693288442     
          20                 9628                20158                35749   7160.1254882812500        5689.6298828125000       0.79462711821525145     
          21                 9628                20115                35792   7160.1254882812500        5696.4736328125000       0.79558293246895428     
          22                 9647                20172                35716   7160.1254882812500        5684.3779296875000       0.79389361806450753     
          23                 9630                20146                35759   7160.1254882812500        5691.2216796875000       0.79484943231821026     
          24                 9641                20131                35763   7160.1254882812500        5691.8579101562500       0.79493828976488379     
          25                 9653                20152                35730   7160.1254882812500        5686.6059570312500       0.79420478961413976     
          26                 9658                20157                35719   7160.1254882812500        5684.8554687500000       0.79396031229539510     
          27                 9626                20154                35755   7160.1254882812500        5690.5849609375000       0.79476050667702680     
          28                 9639                20149                35747   7160.1254882812500        5689.3115234375000       0.79458265539465966     
          29                 9649                20145                35740   7160.1254882812500        5688.1972656250000       0.79442703552258853     
          30                 9641                20164                35730   7160.1254882812500        5686.6059570312500       0.79420478961413976     
          31                 9643                20138                35753   7160.1254882812500        5690.2666015625000       0.79471604385643502     
          32                 9638                20172                35725   7160.1254882812500        5685.8100585937500       0.79409363256266041     
          33                 9636                20148                35750   7160.1254882812500        5689.7890625000000       0.79464934962554734     
          34                 9655                20120                35760   7160.1254882812500        5691.3803710937500       0.79487159553399611     
          35                 9640                20143                35752   7160.1254882812500        5690.1074218750000       0.79469381244613913     
          36                 9652                20180                35702   7160.1254882812500        5682.1494140625000       0.79358237832036516     
          37                 9628                20149                35757   7160.1254882812500        5690.9033203125000       0.79480496949761859     
          38                 9629                20139                35766   7160.1254882812500        5692.3354492187500       0.79500498399577135     
          39                 9642                20153                35740   7160.1254882812500        5688.1972656250000       0.79442703552258853     
          40                 9634                20149                35752   7160.1254882812500        5690.1074218750000       0.79469381244613913     
          41                 9635                20160                35739   7160.1254882812500        5688.0385742187500       0.79440487230680268     
          42                 9624                20164                35746   7160.1254882812500        5689.1523437500000       0.79456042398436377     
          43                 9653                20131                35750   7160.1254882812500        5689.7890625000000       0.79464934962554734     
          44                 9630                20167                35737   7160.1254882812500        5687.7202148437500       0.79436040948621101     
          45                 9645                20131                35758   7160.1254882812500        5691.0625000000000       0.79482720090791448     
          46                 9641                20145                35749   7160.1254882812500        5689.6298828125000       0.79462711821525145     
          47                 9653                20144                35738   7160.1254882812500        5687.8793945312500       0.79438264089650690     
          48                 9620                20148                35767   7160.1254882812500        5692.4946289062500       0.79502721540606724     
          49                 9646                20104                35784   7160.1254882812500        5695.2001953125000       0.79540508118658715     
          50                 9648                20128                35758   7160.1254882812500        5691.0625000000000       0.79482720090791448     
          51                 9644                20122                35769   7160.1254882812500        5692.8129882812500       0.79507167822665903     
          52                 9650                20144                35741   7160.1254882812500        5688.3564453125000       0.79444926693288442     
          53                 9656                20151                35728   7160.1254882812500        5686.2875976562500       0.79416032679354798     
          54                 9622                20140                35773   7160.1254882812500        5693.4497070312500       0.79516060386784260     
          55                 9646                20130                35758   7160.1254882812500        5691.0625000000000       0.79482720090791448     
          56                 9623                20140                35772   7160.1254882812500        5693.2905273437500       0.79513837245754670     
          57                 9648                20137                35750   7160.1254882812500        5689.7890625000000       0.79464934962554734     
          58                 9647                20157                35731   7160.1254882812500        5686.7651367187500       0.79422702102443565     
          59                 9644                20160                35731   7160.1254882812500        5686.7651367187500       0.79422702102443565     
          60                 9643                20163                35728   7160.1254882812500        5686.2875976562500       0.79416032679354798     
          61                 9627                20157                35751   7160.1254882812500        5689.9482421875000       0.79467158103584323     
          62                 9648                20175                35711   7160.1254882812500        5683.5820312500000       0.79378246101302807     
          63                 9633                20129                35773   7160.1254882812500        5693.4497070312500       0.79516060386784260     
          64                 9641                20145                35748   7160.1254882812500        5689.4707031250000       0.79460488680495556     
          65                 9640                20140                35754   7160.1254882812500        5690.4257812500000       0.79473827526673091     
          66                 9651                20159                35724   7160.1254882812500        5685.6508789062500       0.79407140115236441     
          67                 9628                20136                35771   7160.1254882812500        5693.1313476562500       0.79511614104725081     
          68                 9642                20142                35751   7160.1254882812500        5689.9482421875000       0.79467158103584323     
          69                 9638                20143                35753   7160.1254882812500        5690.2666015625000       0.79471604385643502     
          70                 9631                20157                35747   7160.1254882812500        5689.3115234375000       0.79458265539465966     
          71                 9643                20156                35736   7160.1254882812500        5687.5610351562500       0.79433817807591511     
          72                 9633                20141                35761   7160.1254882812500        5691.5395507812500       0.79489382694429200     
          73                 9639                20120                35776   7160.1254882812500        5693.9272460937500       0.79522729809873027     
          74                 9638                20144                35753   7160.1254882812500        5690.2666015625000       0.79471604385643502     
          75                 9650                20140                35745   7160.1254882812500        5688.9931640625000       0.79453819257406799     
          76                 9645                20158                35731   7160.1254882812500        5686.7651367187500       0.79422702102443565     
          77                 9643                20153                35739   7160.1254882812500        5688.0385742187500       0.79440487230680268     
          78                 9634                20137                35763   7160.1254882812500        5691.8579101562500       0.79493828976488379     
          79                 9621                20124                35789   7160.1254882812500        5695.9960937500000       0.79551623823806661     
          80                 9647                20128                35760   7160.1254882812500        5691.3803710937500       0.79487159553399611     
          81                 9636                20141                35758   7160.1254882812500        5691.0625000000000       0.79482720090791448     
          82                 9630                20138                35767   7160.1254882812500        5692.4946289062500       0.79502721540606724     
          83                 9633                20099                35803   7160.1254882812500        5698.2241210937500       0.79582740978769895     
          84                 9654                20169                35711   7160.1254882812500        5683.5820312500000       0.79378246101302807     
          85                 9633                20155                35747   7160.1254882812500        5689.3115234375000       0.79458265539465966     
          86                 9644                20149                35742   7160.1254882812500        5688.5156250000000       0.79447149834318032     
          87                 9636                20175                35723   7160.1254882812500        5685.4916992187500       0.79404916974206863     
          88                 9628                20162                35745   7160.1254882812500        5688.9931640625000       0.79453819257406799     
          89                 9629                20162                35744   7160.1254882812500        5688.8339843750000       0.79451596116377199     
          90                 9632                20172                35731   7160.1254882812500        5686.7651367187500       0.79422702102443565     
          91                 9640                20148                35747   7160.1254882812500        5689.3115234375000       0.79458265539465966     
          92                 9627                20148                35759   7160.1254882812500        5691.2216796875000       0.79484943231821026     
          93                 9649                20155                35731   7160.1254882812500        5686.7651367187500       0.79422702102443565     
          94                 9640                20127                35768   7160.1254882812500        5692.6538085937500       0.79504944681636314     
          95                 9641                20125                35769   7160.1254882812500        5692.8129882812500       0.79507167822665903     
          96                 9634                20175                35726   7160.1254882812500        5685.9692382812500       0.79411586397295619     
          97                 9640                20185                35709   7160.1254882812500        5683.2636718750000       0.79373799819243629     
          98                 9637                20163                35735   7160.1254882812500        5687.4018554687500       0.79431594666561922     
          99                 9649                20133                35753   7160.1254882812500        5690.2666015625000       0.79471604385643502     
         100                 9642                20131                35762   7160.1254882812500        5691.6987304687500       0.79491605835458790     
         101                 9651                20155                35729   7160.1254882812500        5686.4467773437500       0.79418255820384387     
         102                 9661                20163                35710   7160.1254882812500        5683.4228515625000       0.79376022960273218     
         103                 9639                20168                35728   7160.1254882812500        5686.2875976562500       0.79416032679354798     
         104                 9635                20134                35766   7160.1254882812500        5692.3354492187500       0.79500498399577135     
         105                 9638                20151                35746   7160.1254882812500        5689.1523437500000       0.79456042398436377     
         106                 9638                20136                35761   7160.1254882812500        5691.5395507812500       0.79489382694429200     
         107                 9631                20157                35747   7160.1254882812500        5689.3115234375000       0.79458265539465966     
         108                 9625                20144                35766   7160.1254882812500        5692.3354492187500       0.79500498399577135     
         109                 9632                20143                35760   7160.1254882812500        5691.3803710937500       0.79487159553399611     
         110                 9628                20159                35747   7160.1254882812500        5689.3115234375000       0.79458265539465966     
         111                 9651                20146                35738   7160.1254882812500        5687.8793945312500       0.79438264089650690     
         112                 9640                20117                35778   7160.1254882812500        5694.2456054687500       0.79527176091932206     
         113                 9635                20157                35743   7160.1254882812500        5688.6748046875000       0.79449372975347621     
         114                 9638                20139                35757   7160.1254882812500        5690.9033203125000       0.79480496949761859     
         115                 9627                20135                35772   7160.1254882812500        5693.2905273437500       0.79513837245754670     
         116                 9647                20163                35724   7160.1254882812500        5685.6508789062500       0.79407140115236441     
         117                 9639                20147                35749   7160.1254882812500        5689.6298828125000       0.79462711821525145     
         118                 9637                20140                35758   7160.1254882812500        5691.0625000000000       0.79482720090791448     
         119                 9639                20135                35761   7160.1254882812500        5691.5395507812500       0.79489382694429200     
         120                 9644                20143                35748   7160.1254882812500        5689.4707031250000       0.79460488680495556     
         121                 9650                20116                35768   7160.1254882812500        5692.6538085937500       0.79504944681636314     
         122                 9627                20143                35765   7160.1254882812500        5692.1762695312500       0.79498275258547557     
         123                 9645                20151                35739   7160.1254882812500        5688.0385742187500       0.79440487230680268     
         124                 9635                20145                35754   7160.1254882812500        5690.4257812500000       0.79473827526673091     
         125                 9637                20147                35751   7160.1254882812500        5689.9482421875000       0.79467158103584323     
         126                 9646                20174                35715   7160.1254882812500        5684.2187500000000       0.79387138665421164     
         127                 9633                20156                35747   7160.1254882812500        5689.3115234375000       0.79458265539465966     
         128                 9624                20139                35772   7160.1254882812500        5693.2905273437500       0.79513837245754670     
         129                 9633                20118                35783   7160.1254882812500        5695.0410156250000       0.79538284977629137     
         130                 9621                20148                35766   7160.1254882812500        5692.3354492187500       0.79500498399577135     
         131                 9641                20145                35748   7160.1254882812500        5689.4707031250000       0.79460488680495556     
         132                 9659                20149                35727   7160.1254882812500        5686.1284179687500       0.79413809538325209     
         133                 9624                20142                35769   7160.1254882812500        5692.8129882812500       0.79507167822665903     
         134                 9632                20151                35751   7160.1254882812500        5689.9482421875000       0.79467158103584323     
         135                 9643                20150                35742   7160.1254882812500        5688.5156250000000       0.79447149834318032     
         136                 9637                20149                35749   7160.1254882812500        5689.6298828125000       0.79462711821525145     
         137                 9641                20172                35722   7160.1254882812500        5685.3325195312500       0.79402693833177274     
         138                 9637                20192                35706   7160.1254882812500        5682.7861328125000       0.79367130396154861     
         139                 9640                20151                35744   7160.1254882812500        5688.8339843750000       0.79451596116377199     
         140                 9647                20156                35731   7160.1254882812500        5686.7651367187500       0.79422702102443565     
         141                 9623                20152                35760   7160.1254882812500        5691.3803710937500       0.79487159553399611     
         142                 9640                20157                35737   7160.1254882812500        5687.7202148437500       0.79436040948621101     
         143                 9631                20149                35755   7160.1254882812500        5690.5849609375000       0.79476050667702680     
         144                 9634                20135                35766   7160.1254882812500        5692.3354492187500       0.79500498399577135     
         145                 9647                20155                35733   7160.1254882812500        5687.0834960937500       0.79427148384502744     
         146                 9642                20156                35737   7160.1254882812500        5687.7202148437500       0.79436040948621101     
         147                 9641                20122                35771   7160.1254882812500        5693.1313476562500       0.79511614104725081     
         148                 9623                20159                35752   7160.1254882812500        5690.1074218750000       0.79469381244613913     
         149                 9636                20127                35772   7160.1254882812500        5693.2905273437500       0.79513837245754670     
         150                 9645                20134                35755   7160.1254882812500        5690.5849609375000       0.79476050667702680     
         151                 9634                20143                35757   7160.1254882812500        5690.9033203125000       0.79480496949761859     
         152                 9624                20134                35776   7160.1254882812500        5693.9272460937500       0.79522729809873027     
         153                 9650                20177                35708   7160.1254882812500        5683.1044921875000       0.79371576678214040     
         154                 9627                20157                35750   7160.1254882812500        5689.7890625000000       0.79464934962554734     
         155                 9646                20202                35687   7160.1254882812500        5679.7622070312500       0.79324897536043704     
         156                 9632                20125                35777   7160.1254882812500        5694.0864257812500       0.79524952950902605     
         157                 9656                20145                35733   7160.1254882812500        5687.0834960937500       0.79427148384502744     
         158                 9644                20156                35735   7160.1254882812500        5687.4018554687500       0.79431594666561922     
         159                 9648                20166                35721   7160.1254882812500        5685.1733398437500       0.79400470692147684     
         160                 9644                20114                35776   7160.1254882812500        5693.9272460937500       0.79522729809873027     
         161                 9635                20144                35756   7160.1254882812500        5690.7441406250000       0.79478273808732269     
         162                 9620                20123                35792   7160.1254882812500        5696.4736328125000       0.79558293246895428     
         163                 9634                20130                35771   7160.1254882812500        5693.1313476562500       0.79511614104725081     
         164                 9642                20131                35762   7160.1254882812500        5691.6987304687500       0.79491605835458790     
         165                 9636                20150                35749   7160.1254882812500        5689.6298828125000       0.79462711821525145     
         166                 9644                20110                35781   7160.1254882812500        5694.7226562500000       0.79533838695569958     
         167                 9636                20161                35737   7160.1254882812500        5687.7202148437500       0.79436040948621101     
         168                 9646                20145                35744   7160.1254882812500        5688.8339843750000       0.79451596116377199     
         169                 9655                20124                35755   7160.1254882812500        5690.5849609375000       0.79476050667702680     
         170                 9637                20141                35757   7160.1254882812500        5690.9033203125000       0.79480496949761859     
         171                 9628                20144                35763   7160.1254882812500        5691.8579101562500       0.79493828976488379     
         172                 9634                20123                35778   7160.1254882812500        5694.2456054687500       0.79527176091932206     
         173                 9646                20155                35734   7160.1254882812500        5687.2426757812500       0.79429371525532333     
         174                 9655                20146                35734   7160.1254882812500        5687.2426757812500       0.79429371525532333     
         175                 9633                20151                35750   7160.1254882812500        5689.7890625000000       0.79464934962554734     
         176                 9636                20138                35761   7160.1254882812500        5691.5395507812500       0.79489382694429200     
         177                 9641                20168                35726   7160.1254882812500        5685.9692382812500       0.79411586397295619     
         178                 9629                20129                35776   7160.1254882812500        5693.9272460937500       0.79522729809873027     
         179                 9642                20156                35737   7160.1254882812500        5687.7202148437500       0.79436040948621101     
         180                 9642                20149                35743   7160.1254882812500        5688.6748046875000       0.79449372975347621     
         181                 9656                20152                35727   7160.1254882812500        5686.1284179687500       0.79413809538325209     
         182                 9638                20144                35753   7160.1254882812500        5690.2666015625000       0.79471604385643502     
         183                 9643                20160                35732   7160.1254882812500        5686.9243164062500       0.79424925243473155     
         184                 9627                20149                35758   7160.1254882812500        5691.0625000000000       0.79482720090791448     
         185                 9638                20175                35722   7160.1254882812500        5685.3325195312500       0.79402693833177274     
         186                 9628                20149                35758   7160.1254882812500        5691.0625000000000       0.79482720090791448     
         187                 9638                20149                35748   7160.1254882812500        5689.4707031250000       0.79460488680495556     
         188                 9644                20153                35737   7160.1254882812500        5687.7202148437500       0.79436040948621101     
         189                 9641                20160                35734   7160.1254882812500        5687.2426757812500       0.79429371525532333     
         190                 9636                20160                35738   7160.1254882812500        5687.8793945312500       0.79438264089650690     
         191                 9641                20142                35752   7160.1254882812500        5690.1074218750000       0.79469381244613913     
         192                 9648                20158                35728   7160.1254882812500        5686.2875976562500       0.79416032679354798     
         193                 9609                20153                35773   7160.1254882812500        5693.4497070312500       0.79516060386784260     
         194                 9632                20152                35751   7160.1254882812500        5689.9482421875000       0.79467158103584323     
         195                 9646                20149                35739   7160.1254882812500        5688.0385742187500       0.79440487230680268     
         196                 9649                20134                35752   7160.1254882812500        5690.1074218750000       0.79469381244613913     
         197                 9640                20152                35742   7160.1254882812500        5688.5156250000000       0.79447149834318032     
         198                 9638                20166                35731   7160.1254882812500        5686.7651367187500       0.79422702102443565     
         199                 9627                20176                35732   7160.1254882812500        5686.9243164062500       0.79424925243473155     
         200                 9640                20156                35738   7160.1254882812500        5687.8793945312500       0.79438264089650690     
         201                 9634                20133                35768   7160.1254882812500        5692.6538085937500       0.79504944681636314     
         202                 9641                20130                35764   7160.1254882812500        5692.0170898437500       0.79496052117517957     
         203                 9644                20124                35766   7160.1254882812500        5692.3354492187500       0.79500498399577135     
         204                 9638                20159                35738   7160.1254882812500        5687.8793945312500       0.79438264089650690     
         205                 9643                20158                35734   7160.1254882812500        5687.2426757812500       0.79429371525532333     
         206                 9646                20150                35738   7160.1254882812500        5687.8793945312500       0.79438264089650690     
         207                 9643                20152                35739   7160.1254882812500        5688.0385742187500       0.79440487230680268     
         208                 9635                20144                35755   7160.1254882812500        5690.5849609375000       0.79476050667702680     
         209                 9635                20168                35731   7160.1254882812500        5686.7651367187500       0.79422702102443565     
         210                 9663                20156                35715   7160.1254882812500        5684.2187500000000       0.79387138665421164     
         211                 9636                20138                35761   7160.1254882812500        5691.5395507812500       0.79489382694429200     
         212                 9643                20137                35755   7160.1254882812500        5690.5849609375000       0.79476050667702680     
         213                 9649                20141                35745   7160.1254882812500        5688.9931640625000       0.79453819257406799     
         214                 9656                20140                35738   7160.1254882812500        5687.8793945312500       0.79438264089650690     
         215                 9647                20131                35757   7160.1254882812500        5690.9033203125000       0.79480496949761859     
         216                 9631                20143                35760   7160.1254882812500        5691.3803710937500       0.79487159553399611     
         217                 9646                20154                35735   7160.1254882812500        5687.4018554687500       0.79431594666561922     
         218                 9645                20167                35723   7160.1254882812500        5685.4916992187500       0.79404916974206863     
         219                 9643                20150                35742   7160.1254882812500        5688.5156250000000       0.79447149834318032     
         220                 9633                20133                35769   7160.1254882812500        5692.8129882812500       0.79507167822665903     
         221                 9637                20144                35754   7160.1254882812500        5690.4257812500000       0.79473827526673091     
         222                 9637                20146                35751   7160.1254882812500        5689.9482421875000       0.79467158103584323     
         223                 9638                20144                35752   7160.1254882812500        5690.1074218750000       0.79469381244613913     
         224                 9652                20153                35730   7160.1254882812500        5686.6059570312500       0.79420478961413976     
         225                 9648                20170                35716   7160.1254882812500        5684.3779296875000       0.79389361806450753     
         226                 9648                20188                35699   7160.1254882812500        5681.6723632812500       0.79351575228398752     
         227                 9635                20128                35771   7160.1254882812500        5693.1313476562500       0.79511614104725081     
         228                 9637                20131                35766   7160.1254882812500        5692.3354492187500       0.79500498399577135     
         229                 9645                20169                35720   7160.1254882812500        5685.0146484375000       0.79398254370569110     
         230                 9637                20118                35779   7160.1254882812500        5694.4047851562500       0.79529399232961784     
         231                 9639                20140                35755   7160.1254882812500        5690.5849609375000       0.79476050667702680     
         232                 9624                20166                35745   7160.1254882812500        5688.9931640625000       0.79453819257406799     
         233                 9630                20126                35778   7160.1254882812500        5694.2456054687500       0.79527176091932206     
         234                 9631                20166                35737   7160.1254882812500        5687.7202148437500       0.79436040948621101     
         235                 9636                20152                35747   7160.1254882812500        5689.3115234375000       0.79458265539465966     
         236                 9649                20142                35744   7160.1254882812500        5688.8339843750000       0.79451596116377199     
         237                 9654                20129                35752   7160.1254882812500        5690.1074218750000       0.79469381244613913     
         238                 9635                20114                35785   7160.1254882812500        5695.3593750000000       0.79542731259688315     
         239                 9632                20158                35745   7160.1254882812500        5688.9931640625000       0.79453819257406799     
         240                 9651                20105                35778   7160.1254882812500        5694.2456054687500       0.79527176091932206     
         241                 9640                20164                35731   7160.1254882812500        5686.7651367187500       0.79422702102443565     
         242                 9616                20147                35771   7160.1254882812500        5693.1313476562500       0.79511614104725081     
         243                 9633                20166                35735   7160.1254882812500        5687.4018554687500       0.79431594666561922     
         244                 9632                20135                35767   7160.1254882812500        5692.4946289062500       0.79502721540606724     
         245                 9645                20135                35754   7160.1254882812500        5690.4257812500000       0.79473827526673091     
         246                 9639                20120                35775   7160.1254882812500        5693.7680664062500       0.79520506668843438     
         247                 9645                20127                35762   7160.1254882812500        5691.6987304687500       0.79491605835458790     
         248                 9655                20125                35754   7160.1254882812500        5690.4257812500000       0.79473827526673091     
         249                 9634                20125                35776   7160.1254882812500        5693.9272460937500       0.79522729809873027     
         250                 9649                20162                35724   7160.1254882812500        5685.6508789062500       0.79407140115236441     
         251                 9646                20153                35736   7160.1254882812500        5687.5610351562500       0.79433817807591511     
         252                 9628                20158                35749   7160.1254882812500        5689.6298828125000       0.79462711821525145     
         253                 9659                20156                35720   7160.1254882812500        5685.0146484375000       0.79398254370569110     
         254                 9651                20173                35710   7160.1254882812500        5683.4228515625000       0.79376022960273218     
         255                 9657                20142                35736   7160.1254882812500        5687.5610351562500       0.79433817807591511     
         256                 9645                20156                35733   7160.1254882812500        5687.0834960937500       0.79427148384502744     
         257                 9638                20112                35785   7160.1254882812500        5695.3593750000000       0.79542731259688315     
         258                 9655                20119                35761   7160.1254882812500        5691.5395507812500       0.79489382694429200     
         259                 9642                20148                35744   7160.1254882812500        5688.8339843750000       0.79451596116377199     
         260                 9626                20190                35718   7160.1254882812500        5684.6962890625000       0.79393808088509932     
         261                 9614                20164                35756   7160.1254882812500        5690.7441406250000       0.79478273808732269     
         262                 9645                20149                35741   7160.1254882812500        5688.3564453125000       0.79444926693288442     
         263                 9642                20177                35715   7160.1254882812500        5684.2187500000000       0.79387138665421164     
         264                 9638                20126                35770   7160.1254882812500        5692.9721679687500       0.79509390963695492     
         265                 9621                20120                35794   7160.1254882812500        5696.7919921875000       0.79562739528954607     
         266                 9633                20148                35753   7160.1254882812500        5690.2666015625000       0.79471604385643502     
         267                 9629                20160                35745   7160.1254882812500        5688.9931640625000       0.79453819257406799     
         268                 9627                20153                35755   7160.1254882812500        5690.5849609375000       0.79476050667702680     
         269                 9641                20155                35739   7160.1254882812500        5688.0385742187500       0.79440487230680268     
         270                 9653                20155                35727   7160.1254882812500        5686.1284179687500       0.79413809538325209     
         271                 9639                20168                35727   7160.1254882812500        5686.1284179687500       0.79413809538325209     
         272                 9632                20155                35748   7160.1254882812500        5689.4707031250000       0.79460488680495556     
         273                 9639                20127                35769   7160.1254882812500        5692.8129882812500       0.79507167822665903     
         274                 9630                20118                35786   7160.1254882812500        5695.5185546875000       0.79544954400717893     
         275                 9632                20167                35736   7160.1254882812500        5687.5610351562500       0.79433817807591511     
         276                 9637                20170                35728   7160.1254882812500        5686.2875976562500       0.79416032679354798     
         277                 9634                20144                35757   7160.1254882812500        5690.9033203125000       0.79480496949761859     
         278                 9638                20164                35732   7160.1254882812500        5686.9243164062500       0.79424925243473155     
         279                 9662                20151                35722   7160.1254882812500        5685.3325195312500       0.79402693833177274     
         280                 9650                20153                35732   7160.1254882812500        5686.9243164062500       0.79424925243473155     
         281                 9635                20130                35769   7160.1254882812500        5692.8129882812500       0.79507167822665903     
         282                 9642                20179                35713   7160.1254882812500        5683.9003906250000       0.79382692383361986     
         283                 9632                20150                35752   7160.1254882812500        5690.1074218750000       0.79469381244613913     
         284                 9633                20164                35738   7160.1254882812500        5687.8793945312500       0.79438264089650690     
         285                 9630                20156                35748   7160.1254882812500        5689.4707031250000       0.79460488680495556     
         286                 9628                20152                35754   7160.1254882812500        5690.4257812500000       0.79473827526673091     
         287                 9627                20178                35730   7160.1254882812500        5686.6059570312500       0.79420478961413976     
         288                 9614                20139                35782   7160.1254882812500        5694.8818359375000       0.79536061836599548     
         289                 9648                20176                35710   7160.1254882812500        5683.4228515625000       0.79376022960273218     
         290                 9625                20155                35755   7160.1254882812500        5690.5849609375000       0.79476050667702680     
         291                 9628                20131                35776   7160.1254882812500        5693.9272460937500       0.79522729809873027     
         292                 9646                20141                35748   7160.1254882812500        5689.4707031250000       0.79460488680495556     
         293                 9631                20151                35753   7160.1254882812500        5690.2666015625000       0.79471604385643502     
         294                 9655                20157                35722   7160.1254882812500        5685.3325195312500       0.79402693833177274     
         295                 9647                20148                35740   7160.1254882812500        5688.1972656250000       0.79442703552258853     
         296                 9645                20158                35732   7160.1254882812500        5686.9243164062500       0.79424925243473155     
         297                 9633                20096                35806   7160.1254882812500        5698.7016601562500       0.79589410401858651     
         298                 9648                20151                35736   7160.1254882812500        5687.5610351562500       0.79433817807591511     
         299                 9644                20125                35765   7160.1254882812500        5692.1762695312500       0.79498275258547557     
         300                 9636                20174                35724   7160.1254882812500        5685.6508789062500       0.79407140115236441     
         301                 9652                20160                35722   7160.1254882812500        5685.3325195312500       0.79402693833177274     
         302                 9640                20154                35741   7160.1254882812500        5688.3564453125000       0.79444926693288442     
         303                 9631                20155                35749   7160.1254882812500        5689.6298828125000       0.79462711821525145     
         304                 9637                20182                35716   7160.1254882812500        5684.3779296875000       0.79389361806450753     
         305                 9643                20152                35740   7160.1254882812500        5688.1972656250000       0.79442703552258853     
         306                 9633                20157                35745   7160.1254882812500        5688.9931640625000       0.79453819257406799     
         307                 9639                20101                35795   7160.1254882812500        5696.9511718750000       0.79564962669984196     
         308                 9662                20166                35706   7160.1254882812500        5682.7861328125000       0.79367130396154861     
         309                 9645                20135                35755   7160.1254882812500        5690.5849609375000       0.79476050667702680     
         310                 9637                20104                35794   7160.1254882812500        5696.7919921875000       0.79562739528954607     
         311                 9629                20159                35747   7160.1254882812500        5689.3115234375000       0.79458265539465966     
         312                 9638                20129                35768   7160.1254882812500        5692.6538085937500       0.79504944681636314     
         313                 9640                20133                35761   7160.1254882812500        5691.5395507812500       0.79489382694429200     
         314                 9645                20133                35756   7160.1254882812500        5690.7441406250000       0.79478273808732269     
         315                 9638                20139                35758   7160.1254882812500        5691.0625000000000       0.79482720090791448     
         316                 9640                20161                35733   7160.1254882812500        5687.0834960937500       0.79427148384502744     
         317                 9639                20163                35733   7160.1254882812500        5687.0834960937500       0.79427148384502744     
         318                 9662                20157                35716   7160.1254882812500        5684.3779296875000       0.79389361806450753     
         319                 9655                20124                35755   7160.1254882812500        5690.5849609375000       0.79476050667702680     
         320                 9649                20149                35737   7160.1254882812500        5687.7202148437500       0.79436040948621101     
         321                 9633                20156                35745   7160.1254882812500        5688.9931640625000       0.79453819257406799     
         322                 9631                20150                35753   7160.1254882812500        5690.2666015625000       0.79471604385643502     
         323                 9645                20160                35730   7160.1254882812500        5686.6059570312500       0.79420478961413976     
         324                 9641                20145                35748   7160.1254882812500        5689.4707031250000       0.79460488680495556     
         325                 9628                20132                35775   7160.1254882812500        5693.7680664062500       0.79520506668843438     
         326                 9648                20162                35725   7160.1254882812500        5685.8100585937500       0.79409363256266041     
         327                 9649                20159                35726   7160.1254882812500        5685.9692382812500       0.79411586397295619     
         328                 9639                20123                35772   7160.1254882812500        5693.2905273437500       0.79513837245754670     
         329                 9634                20136                35765   7160.1254882812500        5692.1762695312500       0.79498275258547557     
         330                 9640                20140                35754   7160.1254882812500        5690.4257812500000       0.79473827526673091     
         331                 9626                20149                35759   7160.1254882812500        5691.2216796875000       0.79484943231821026     
         332                 9621                20133                35780   7160.1254882812500        5694.5634765625000       0.79531615554540369     
         333                 9655                20176                35704   7160.1254882812500        5682.4677734375000       0.79362684114095683     
         334                 9644                20126                35765   7160.1254882812500        5692.1762695312500       0.79498275258547557     
         335                 9633                20165                35737   7160.1254882812500        5687.7202148437500       0.79436040948621101     
         336                 9648                20180                35707   7160.1254882812500        5682.9453125000000       0.79369353537184451     
         337                 9631                20171                35732   7160.1254882812500        5686.9243164062500       0.79424925243473155     
         338                 9632                20132                35770   7160.1254882812500        5692.9721679687500       0.79509390963695492     
         339                 9638                20148                35748   7160.1254882812500        5689.4707031250000       0.79460488680495556     
         340                 9638                20153                35744   7160.1254882812500        5688.8339843750000       0.79451596116377199     
         341                 9621                20161                35753   7160.1254882812500        5690.2666015625000       0.79471604385643502     
         342                 9646                20157                35732   7160.1254882812500        5686.9243164062500       0.79424925243473155     
         343                 9637                20147                35751   7160.1254882812500        5689.9482421875000       0.79467158103584323     
         344                 9644                20113                35778   7160.1254882812500        5694.2456054687500       0.79527176091932206     
         345                 9627                20123                35784   7160.1254882812500        5695.2001953125000       0.79540508118658715     
         346                 9647                20168                35720   7160.1254882812500        5685.0146484375000       0.79398254370569110     
         347                 9622                20160                35752   7160.1254882812500        5690.1074218750000       0.79469381244613913     
         348                 9639                20145                35751   7160.1254882812500        5689.9482421875000       0.79467158103584323     
         349                 9651                20130                35754   7160.1254882812500        5690.4257812500000       0.79473827526673091     
         350                 9637                20126                35772   7160.1254882812500        5693.2905273437500       0.79513837245754670     
         351                 9624                20163                35747   7160.1254882812500        5689.3115234375000       0.79458265539465966     
         352                 9632                20103                35800   7160.1254882812500        5697.7465820312500       0.79576071555681127     
         353                 9638                20149                35747   7160.1254882812500        5689.3115234375000       0.79458265539465966     
         354                 9647                20141                35746   7160.1254882812500        5689.1523437500000       0.79456042398436377     
         355                 9654                20166                35714   7160.1254882812500        5684.0595703125000       0.79384915524391575     
         356                 9643                20113                35778   7160.1254882812500        5694.2456054687500       0.79527176091932206     
         357                 9638                20131                35766   7160.1254882812500        5692.3354492187500       0.79500498399577135     
         358                 9646                20150                35739   7160.1254882812500        5688.0385742187500       0.79440487230680268     
         359                 9641                20139                35755   7160.1254882812500        5690.5849609375000       0.79476050667702680     
         360                 9632                20144                35758   7160.1254882812500        5691.0625000000000       0.79482720090791448     
         361                 9640                20135                35760   7160.1254882812500        5691.3803710937500       0.79487159553399611     
         362                 9646                20146                35742   7160.1254882812500        5688.5156250000000       0.79447149834318032     
         363                 9635                20144                35755   7160.1254882812500        5690.5849609375000       0.79476050667702680     
         364                 9627                20117                35791   7160.1254882812500        5696.3144531250000       0.79556070105865839     
         365                 9639                20156                35739   7160.1254882812500        5688.0385742187500       0.79440487230680268     
         366                 9627                20155                35753   7160.1254882812500        5690.2666015625000       0.79471604385643502     
         367                 9646                20142                35747   7160.1254882812500        5689.3115234375000       0.79458265539465966     
         368                 9638                20152                35745   7160.1254882812500        5688.9931640625000       0.79453819257406799     
         369                 9651                20153                35730   7160.1254882812500        5686.6059570312500       0.79420478961413976     
         370                 9640                20163                35732   7160.1254882812500        5686.9243164062500       0.79424925243473155     
         371                 9638                20172                35725   7160.1254882812500        5685.8100585937500       0.79409363256266041     
         372                 9659                20143                35732   7160.1254882812500        5686.9243164062500       0.79424925243473155     
         373                 9634                20141                35760   7160.1254882812500        5691.3803710937500       0.79487159553399611     
         374                 9637                20150                35748   7160.1254882812500        5689.4707031250000       0.79460488680495556     
         375                 9635                20145                35754   7160.1254882812500        5690.4257812500000       0.79473827526673091     
         376                 9636                20162                35736   7160.1254882812500        5687.5610351562500       0.79433817807591511     
         377                 9637                20144                35754   7160.1254882812500        5690.4257812500000       0.79473827526673091     
         378                 9634                20151                35749   7160.1254882812500        5689.6298828125000       0.79462711821525145     
         379                 9632                20168                35734   7160.1254882812500        5687.2426757812500       0.79429371525532333     
         380                 9641                20152                35742   7160.1254882812500        5688.5156250000000       0.79447149834318032     
         381                 9641                20149                35744   7160.1254882812500        5688.8339843750000       0.79451596116377199     
         382                 9621                20159                35755   7160.1254882812500        5690.5849609375000       0.79476050667702680     
         383                 9648                20169                35718   7160.1254882812500        5684.6962890625000       0.79393808088509932     
         384                 9658                20101                35775   7160.1254882812500        5693.7680664062500       0.79520506668843438     
         385                 9635                20142                35758   7160.1254882812500        5691.0625000000000       0.79482720090791448     
         386                 9648                20154                35733   7160.1254882812500        5687.0834960937500       0.79427148384502744     
         387                 9643                20146                35746   7160.1254882812500        5689.1523437500000       0.79456042398436377     
         388                 9627                20123                35785   7160.1254882812500        5695.3593750000000       0.79542731259688315     
         389                 9641                20124                35769   7160.1254882812500        5692.8129882812500       0.79507167822665903     
         390                 9648                20164                35723   7160.1254882812500        5685.4916992187500       0.79404916974206863     
         391                 9653                20148                35733   7160.1254882812500        5687.0834960937500       0.79427148384502744     
         392                 9646                20135                35754   7160.1254882812500        5690.4257812500000       0.79473827526673091     
         393                 9642                20137                35755   7160.1254882812500        5690.5849609375000       0.79476050667702680     
         394                 9641                20123                35770   7160.1254882812500        5692.9721679687500       0.79509390963695492     
         395                 9646                20113                35775   7160.1254882812500        5693.7680664062500       0.79520506668843438     
         396                 9639                20116                35780   7160.1254882812500        5694.5634765625000       0.79531615554540369     
         397                 9633                20116                35785   7160.1254882812500        5695.3593750000000       0.79542731259688315     
         398                 9655                20147                35733   7160.1254882812500        5687.0834960937500       0.79427148384502744     
         399                 9633                20155                35746   7160.1254882812500        5689.1523437500000       0.79456042398436377     
         400                 9655                20163                35717   7160.1254882812500        5684.5371093750000       0.79391584947480343     
         401                 9644                20143                35747   7160.1254882812500        5689.3115234375000       0.79458265539465966     
         402                 9645                20148                35742   7160.1254882812500        5688.5156250000000       0.79447149834318032     
         403                 9646                20143                35746   7160.1254882812500        5689.1523437500000       0.79456042398436377     
         404                 9627                20140                35767   7160.1254882812500        5692.4946289062500       0.79502721540606724     
         405                 9642                20139                35754   7160.1254882812500        5690.4257812500000       0.79473827526673091     
         406                 9638                20123                35775   7160.1254882812500        5693.7680664062500       0.79520506668843438     
         407                 9647                20139                35749   7160.1254882812500        5689.6298828125000       0.79462711821525145     
         408                 9643                20164                35728   7160.1254882812500        5686.2875976562500       0.79416032679354798     
         409                 9645                20137                35753   7160.1254882812500        5690.2666015625000       0.79471604385643502     
         410                 9633                20153                35749   7160.1254882812500        5689.6298828125000       0.79462711821525145     
         411                 9636                20157                35741   7160.1254882812500        5688.3564453125000       0.79444926693288442     
         412                 9643                20115                35776   7160.1254882812500        5693.9272460937500       0.79522729809873027     
         413                 9641                20134                35760   7160.1254882812500        5691.3803710937500       0.79487159553399611     
         414                 9649                20157                35729   7160.1254882812500        5686.4467773437500       0.79418255820384387     
         415                 9648                20141                35746   7160.1254882812500        5689.1523437500000       0.79456042398436377     
         416                 9655                20148                35732   7160.1254882812500        5686.9243164062500       0.79424925243473155     
         417                 9629                20141                35764   7160.1254882812500        5692.0170898437500       0.79496052117517957     
         418                 9647                20156                35732   7160.1254882812500        5686.9243164062500       0.79424925243473155     
         419                 9648                20162                35725   7160.1254882812500        5685.8100585937500       0.79409363256266041     
         420                 9636                20160                35738   7160.1254882812500        5687.8793945312500       0.79438264089650690     
         421                 9649                20153                35733   7160.1254882812500        5687.0834960937500       0.79427148384502744     
         422                 9638                20139                35758   7160.1254882812500        5691.0625000000000       0.79482720090791448     
         423                 9638                20151                35745   7160.1254882812500        5688.9931640625000       0.79453819257406799     
         424                 9623                20172                35740   7160.1254882812500        5688.1972656250000       0.79442703552258853     
         425                 9647                20140                35747   7160.1254882812500        5689.3115234375000       0.79458265539465966     
         426                 9647                20148                35740   7160.1254882812500        5688.1972656250000       0.79442703552258853     
         427                 9643                20135                35756   7160.1254882812500        5690.7441406250000       0.79478273808732269     
         428                 9644                20190                35700   7160.1254882812500        5681.8315429687500       0.79353798369428352     
         429                 9653                20172                35710   7160.1254882812500        5683.4228515625000       0.79376022960273218     
         430                 9635                20164                35736   7160.1254882812500        5687.5610351562500       0.79433817807591511     
         431                 9645                20163                35727   7160.1254882812500        5686.1284179687500       0.79413809538325209     
         432                 9639                20190                35706   7160.1254882812500        5682.7861328125000       0.79367130396154861     
         433                 9627                20132                35776   7160.1254882812500        5693.9272460937500       0.79522729809873027     
         434                 9650                20139                35746   7160.1254882812500        5689.1523437500000       0.79456042398436377     
         435                 9633                20168                35733   7160.1254882812500        5687.0834960937500       0.79427148384502744     
         436                 9635                20128                35771   7160.1254882812500        5693.1313476562500       0.79511614104725081     
         437                 9648                20167                35720   7160.1254882812500        5685.0146484375000       0.79398254370569110     
         438                 9640                20146                35748   7160.1254882812500        5689.4707031250000       0.79460488680495556     
         439                 9643                20119                35772   7160.1254882812500        5693.2905273437500       0.79513837245754670     
         440                 9664                20111                35760   7160.1254882812500        5691.3803710937500       0.79487159553399611     
         441                 9648                20149                35738   7160.1254882812500        5687.8793945312500       0.79438264089650690     
         442                 9661                20149                35724   7160.1254882812500        5685.6508789062500       0.79407140115236441     
         443                 9642                20168                35725   7160.1254882812500        5685.8100585937500       0.79409363256266041     
         444                 9648                20164                35723   7160.1254882812500        5685.4916992187500       0.79404916974206863     
         445                 9630                20135                35770   7160.1254882812500        5692.9721679687500       0.79509390963695492     
         446                 9633                20139                35762   7160.1254882812500        5691.6987304687500       0.79491605835458790     
         447                 9639                20150                35746   7160.1254882812500        5689.1523437500000       0.79456042398436377     
         448                 9634                20154                35747   7160.1254882812500        5689.3115234375000       0.79458265539465966     
         449                 9656                20134                35745   7160.1254882812500        5688.9931640625000       0.79453819257406799     
         450                 9645                20134                35756   7160.1254882812500        5690.7441406250000       0.79478273808732269     
         451                 9655                20112                35768   7160.1254882812500        5692.6538085937500       0.79504944681636314     
         452                 9627                20138                35770   7160.1254882812500        5692.9721679687500       0.79509390963695492     
         453                 9649                20128                35758   7160.1254882812500        5691.0625000000000       0.79482720090791448     
         454                 9659                20138                35738   7160.1254882812500        5687.8793945312500       0.79438264089650690     
         455                 9647                20149                35739   7160.1254882812500        5688.0385742187500       0.79440487230680268     
         456                 9645                20151                35738   7160.1254882812500        5687.8793945312500       0.79438264089650690     
         457                 9653                20135                35747   7160.1254882812500        5689.3115234375000       0.79458265539465966     
         458                 9676                20158                35701   7160.1254882812500        5681.9902343750000       0.79356014691006926     
         459                 9634                20143                35758   7160.1254882812500        5691.0625000000000       0.79482720090791448     
         460                 9645                20123                35767   7160.1254882812500        5692.4946289062500       0.79502721540606724     
         461                 9645                20133                35756   7160.1254882812500        5690.7441406250000       0.79478273808732269     
         462                 9624                20139                35771   7160.1254882812500        5693.1313476562500       0.79511614104725081     
         463                 9644                20143                35747   7160.1254882812500        5689.3115234375000       0.79458265539465966     
         464                 9653                20154                35728   7160.1254882812500        5686.2875976562500       0.79416032679354798     
         465                 9629                20140                35766   7160.1254882812500        5692.3354492187500       0.79500498399577135     
         466                 9632                20159                35743   7160.1254882812500        5688.6748046875000       0.79449372975347621     
         467                 9650                20141                35743   7160.1254882812500        5688.6748046875000       0.79449372975347621     
         468                 9647                20141                35747   7160.1254882812500        5689.3115234375000       0.79458265539465966     
         469                 9640                20121                35773   7160.1254882812500        5693.4497070312500       0.79516060386784260     
         470                 9649                20163                35723   7160.1254882812500        5685.4916992187500       0.79404916974206863     
         471                 9648                20141                35746   7160.1254882812500        5689.1523437500000       0.79456042398436377     
         472                 9648                20133                35754   7160.1254882812500        5690.4257812500000       0.79473827526673091     
         473                 9647                20152                35736   7160.1254882812500        5687.5610351562500       0.79433817807591511     
         474                 9628                20155                35751   7160.1254882812500        5689.9482421875000       0.79467158103584323     
         475                 9642                20185                35707   7160.1254882812500        5682.9453125000000       0.79369353537184451     
         476                 9631                20190                35713   7160.1254882812500        5683.9003906250000       0.79382692383361986     
         477                 9639                20168                35727   7160.1254882812500        5686.1284179687500       0.79413809538325209     
         478                 9623                20148                35764   7160.1254882812500        5692.0170898437500       0.79496052117517957     
         479                 9638                20157                35740   7160.1254882812500        5688.1972656250000       0.79442703552258853     
         480                 9643                20166                35726   7160.1254882812500        5685.9692382812500       0.79411586397295619     
         481                 9642                20133                35760   7160.1254882812500        5691.3803710937500       0.79487159553399611     
         482                 9646                20153                35735   7160.1254882812500        5687.4018554687500       0.79431594666561922     
         483                 9632                20171                35732   7160.1254882812500        5686.9243164062500       0.79424925243473155     
         484                 9657                20194                35683   7160.1254882812500        5679.1254882812500       0.79316004971925347     
         485                 9640                20149                35745   7160.1254882812500        5688.9931640625000       0.79453819257406799     
         486                 9635                20163                35736   7160.1254882812500        5687.5610351562500       0.79433817807591511     
         487                 9639                20171                35725   7160.1254882812500        5685.8100585937500       0.79409363256266041     
         488                 9636                20128                35771   7160.1254882812500        5693.1313476562500       0.79511614104725081     
         489                 9640                20164                35731   7160.1254882812500        5686.7651367187500       0.79422702102443565     
         490                 9633                20187                35714   7160.1254882812500        5684.0595703125000       0.79384915524391575     
         491                 9622                20170                35743   7160.1254882812500        5688.6748046875000       0.79449372975347621     
         492                 9634                20159                35741   7160.1254882812500        5688.3564453125000       0.79444926693288442     
         493                 9648                20148                35739   7160.1254882812500        5688.0385742187500       0.79440487230680268     
         494                 9626                20118                35790   7160.1254882812500        5696.1552734375000       0.79553846964836250     
         495                 9656                20151                35728   7160.1254882812500        5686.2875976562500       0.79416032679354798     
         496                 9623                20168                35743   7160.1254882812500        5688.6748046875000       0.79449372975347621     
         497                 9642                20166                35727   7160.1254882812500        5686.1284179687500       0.79413809538325209     
         498                 9630                20153                35752   7160.1254882812500        5690.1074218750000       0.79469381244613913     
         499                 9636                20161                35737   7160.1254882812500        5687.7202148437500       0.79436040948621101     
         500                 9640                20136                35758   7160.1254882812500        5691.0625000000000       0.79482720090791448     
