 Temperature, Energy,Energy^2,C_v,Average
   5.00000000     , -0.42905837402343749      ,  0.18418253530859946      ,   3.6578798174461798E-006 ,           1
   4.91632652     , -0.43673713378906248      ,  0.19083321989178659      ,   3.8847674271046748E-006 ,           1
   4.83265305     , -0.44528120117187497      ,  0.19836862593889237      ,   3.9939915432031326E-006 ,           1
   4.74897957     , -0.45508640136718748      ,  0.20719968956112861      ,   4.2591972654944974E-006 ,           1
   4.66530609     , -0.46340874023437501      ,  0.21484464886188506      ,   4.4561442757796246E-006 ,           1
   4.58163261     , -0.47453574218750000      ,  0.22527193498611450      ,   4.1809763185635379E-006 ,           1
   4.49795914     , -0.48415249023437501      ,  0.23448903548717498      ,   4.2211949075254067E-006 ,           1
   4.41428566     , -0.49441245117187499      ,  0.24452133215665817      ,   3.9854563986861075E-006 ,           1
   4.33061218     , -0.50675778808593752      ,  0.25688526085019114      ,   4.3619592453924746E-006 ,           1
   4.24693871     , -0.51772722167968754      ,  0.26812350222468379      ,   4.5477896447925264E-006 ,           1
   4.16326523     , -0.53107539062499998      ,  0.28212003883123399      ,   4.5560096130103153E-006 ,           1
   4.07959175     , -0.54387348632812504      ,  0.29587508617639541      ,   4.6095492991014134E-006 ,           1
   3.99591827     , -0.55855388183593746      ,  0.31205442641377451      ,   4.5084155068851215E-006 ,           1
   3.91224480     , -0.57292011718750002      ,  0.32831310750246046      ,   4.9424087928866241E-006 ,           1
   3.82857132     , -0.58861196289062501      ,  0.34652914522886274      ,   4.4414353681160511E-006 ,           1
   3.74489784     , -0.60589055175781248      ,  0.36716241248250009      ,   4.2106870800248324E-006 ,           1
   3.66122437     , -0.62243884277343753      ,  0.38748331817984583      ,   3.9691848195326356E-006 ,           1
   3.57755113     , -0.64189777832031247      ,  0.41208076471686361      ,   3.7508698949490850E-006 ,           1
   3.49387765     , -0.66320007324218755      ,  0.43987606245875360      ,   3.4180956766762194E-006 ,           1
   3.41020393     , -0.68403322753906248      ,  0.46794718243479727      ,   3.9319055026433133E-006 ,           1
   3.32653046     , -0.70657226562499997      ,  0.49929021494388581      ,   4.1432499438687754E-006 ,           1
   3.24285722     , -0.73278903808593754      ,  0.53702223543524741      ,   4.0377136757517316E-006 ,           1
   3.15918374     , -0.75858894042968750      ,  0.57550485809445384      ,   4.7770984325022979E-006 ,           1
   3.07551026     , -0.78781806640624996      ,  0.62068360792398458      ,   2.7807194333019084E-006 ,           1
   2.99183679     , -0.82099384765625005      ,  0.67405918933153153      ,   3.1606706792445445E-006 ,           1
   2.90816331     , -0.85822250976562497      ,  0.73657958594560624      ,   3.9858138575861991E-006 ,           1
   2.82448983     , -0.89581650390625001      ,  0.80247779808044428      ,  -1.1796055693521794E-006 ,           1
   2.74081635     , -0.94087641601562499      ,  0.88523170719146727      ,  -2.2261526223500612E-006 ,           1
   2.65714288     , -0.99035817871093745      ,  0.98079706946015355      ,  -1.7354066252223171E-006 ,           1
   2.57346940     ,  -1.0456199218750000      ,   1.0932531836748123      ,  -1.0243087160732187E-005 ,           1
   2.48979592     ,  -1.1183958984375000      ,   1.2507823704957961      ,  -4.3579255786181905E-006 ,           1
   2.40612245     ,  -1.1917044921875000      ,   1.4201010764122008      ,  -1.0108134226230722E-005 ,           1
   2.32244897     ,  -1.3062656738281251      ,   1.7063140929102898      ,  -2.9511293623785920E-006 ,           1
   2.23877549     ,  -1.4817255371093749      ,   2.1953540570259094      ,  -3.1226391950493175E-005 ,           1
   2.15510225     ,  -1.6036864990234374      ,   2.5713811280190946      ,  -9.2423786633987216E-005 ,           1
   2.07142854     ,  -1.6898697753906251      ,   2.8550441549301149      ,  -1.4349318429937694E-004 ,           1
   1.98775530     ,  -1.7528285888671875      ,   3.0716482391893862      ,  -1.9230315314897755E-004 ,           1
   1.90408158     ,  -1.8072521240234376      ,   3.2652982368886470      ,  -2.3775932385020003E-004 ,           1
   1.82040811     ,  -1.8513952148437500      ,   3.4267333006501199      ,  -2.8092124087523892E-004 ,           1
   1.73673487     ,  -1.8856362060546874      ,   3.5546244070708752      ,  -3.3137016546519037E-004 ,           1
   1.65306115     ,  -1.9139687988281251      ,   3.6622291947364807      ,  -3.8328470606137230E-004 ,           1
   1.56938791     ,  -1.9365645751953124      ,   3.7491964435636995      ,  -4.4089317673361481E-004 ,           1
   1.48571444     ,  -1.9545076171875000      ,   3.8189797358274458      ,  -5.0752765573270546E-004 ,           1
   1.40204072     ,  -1.9683671386718751      ,   3.8733240499615671      ,  -5.8255687436686257E-004 ,           1
   1.31836748     ,  -1.9791416015625001      ,   3.9158388491034506      ,  -6.6891135430862628E-004 ,           1
   1.23469377     ,  -1.9865937255859376      ,   3.9453781178772451      ,  -7.7175263528950059E-004 ,           1
   1.15102053     ,  -1.9921822753906251      ,   3.9676041828036310      ,  -8.9522377935552337E-004 ,           1
   1.06734705     ,  -1.9958479248046874      ,   3.9822165980756283      ,  -1.0466202434010303E-003 ,           1
  0.983673573     ,  -1.9980684570312499      ,   3.9910815533757211      ,  -1.2360362417332149E-003 ,           1
  0.900000095     ,  -1.9994753173828126      ,   3.9967030755341053      ,  -1.4795915472452850E-003 ,           1
   5.00000000     , -0.42851774902343748      ,  0.18371609179377557      ,   3.5452228774058514E-006 ,           2
   4.91632652     , -0.43667692871093750      ,  0.19078110508322715      ,   3.9041777766490065E-006 ,           2
   4.83265305     , -0.44521057128906250      ,  0.19830621330142020      ,   4.0146595645690293E-006 ,           2
   4.74897957     , -0.45441264648437502      ,  0.20658562945127487      ,   4.2024111865543826E-006 ,           2
   4.66530609     , -0.46377397460937497      ,  0.21517284862995148      ,   3.9765121613497233E-006 ,           2
   4.58163261     , -0.47361835937500002      ,  0.22440192791223526      ,   4.1720775374437525E-006 ,           2
   4.49795914     , -0.48464145507812501      ,  0.23496045423746109      ,   4.1081328896725965E-006 ,           2
   4.41428566     , -0.49420234374999999      ,  0.24431722019910812      ,   4.1703770139829659E-006 ,           2
   4.33061218     , -0.50669277343749997      ,  0.25681396313905713      ,   4.0735663192733009E-006 ,           2
   4.24693871     , -0.51790471191406251      ,  0.26830601164698603      ,   4.4754289797194221E-006 ,           2
   4.16326523     , -0.53111936035156249      ,  0.28216190976500510      ,   4.2771461237409385E-006 ,           2
   4.07959175     , -0.54437729492187503      ,  0.29641193913221359      ,   3.9235496116194101E-006 ,           2
   3.99591827     , -0.55782480468749995      ,  0.31123504085540771      ,   4.1665074808790718E-006 ,           2
   3.91224480     , -0.57378127441406246      ,  0.32930182058215141      ,   5.0223066654824514E-006 ,           2
   3.82857132     , -0.58850979003906245      ,  0.34640760261416437      ,   4.3546068611830752E-006 ,           2
   3.74489784     , -0.60477976074218753      ,  0.36582179979681967      ,   4.5093852027852994E-006 ,           2
   3.66122437     , -0.62257236328124999      ,  0.38766252251863481      ,   4.9367516571870767E-006 ,           2
   3.57755113     , -0.64197116699218748      ,  0.41217549737095832      ,   3.7908122687654211E-006 ,           2
   3.49387765     , -0.66204123535156245      ,  0.43835273246169093      ,   4.4346978093416949E-006 ,           2
   3.41020393     , -0.68376972656250001      ,  0.46758200256824495      ,   3.5223903615369897E-006 ,           2
   3.32653046     , -0.70639990234375005      ,  0.49904398975372316      ,   3.9010017637134823E-006 ,           2
   3.24285722     , -0.73150649414062496      ,  0.53515484788417811      ,   5.0490956522322407E-006 ,           2
   3.15918374     , -0.75948229980468751      ,  0.57684557481408116      ,   3.2274220476038327E-006 ,           2
   3.07551026     , -0.78958068847656249      ,  0.62345932666659354      ,   2.2902624770140159E-006 ,           2
   2.99183679     , -0.82060986328124996      ,  0.67343254580497747      ,   3.5747709866763525E-006 ,           2
   2.90816331     , -0.85624526367187503      ,  0.73318435938358306      ,   3.3589255147228140E-006 ,           2
   2.82448983     , -0.89565549316406246      ,  0.80218135887980457      ,  -2.1815135688454815E-006 ,           2
   2.74081635     , -0.93940922851562503      ,  0.88246730829477316      ,  -2.9805784584271150E-006 ,           2
   2.65714288     , -0.98834956054687495      ,  0.97683121787309646      ,  -5.1497872432266772E-007 ,           2
   2.57346940     ,  -1.0484626220703126      ,   1.0992291272580623      ,  -6.7559033675415988E-006 ,           2
   2.48979592     ,  -1.1185485107421875      ,   1.2511070629537107      ,  -7.0507079737978137E-006 ,           2
   2.40612245     ,  -1.1976322753906250      ,   1.4342922911286353      ,  -5.3158866872794471E-006 ,           2
   2.32244897     ,  -1.3119568603515626      ,   1.7215180028736592      ,   5.3246519627507226E-005 ,           2
   2.23877549     ,  -1.4828693115234375      ,   2.1987388925850393      ,  -3.2421930301143778E-005 ,           2
   2.15510225     ,  -1.6019774414062500      ,   2.5659312705516815      ,  -8.6221371035164710E-005 ,           2
   2.07142854     ,  -1.6875722900390624      ,   2.8472623600065710      ,  -1.4866032559720713E-004 ,           2
   1.98775530     ,  -1.7557510498046875      ,   3.0819022200882435      ,  -1.9222875528446549E-004 ,           2
   1.90408158     ,  -1.8076992675781249      ,   3.2669224485039710      ,  -2.3560531986563501E-004 ,           2
   1.82040811     ,  -1.8503401367187500      ,   3.4228281860828398      ,  -2.8076872303621161E-004 ,           2
   1.73673487     ,  -1.8852939697265625      ,   3.5533370077550410      ,  -3.3032582779483704E-004 ,           2
   1.65306115     ,  -1.9138152099609376      ,   3.6616426357805727      ,  -3.8279211723287192E-004 ,           2
   1.56938791     ,  -1.9362472900390626      ,   3.7479639392197130      ,  -4.4240298547308567E-004 ,           2
   1.48571444     ,  -1.9543153808593750      ,   3.8182282464265822      ,  -5.0756010211177531E-004 ,           2
   1.40204072     ,  -1.9683100830078124      ,   3.8730998768627645      ,  -5.8233474981001399E-004 ,           2
   1.31836748     ,  -1.9788136230468749      ,   3.9145406493067743      ,  -6.6895480262324969E-004 ,           2
   1.23469377     ,  -1.9868176757812499      ,   3.9462675326824188      ,  -7.7203565470906519E-004 ,           2
   1.15102053     ,  -1.9921931396484376      ,   3.9676477619469166      ,  -8.9500348123856268E-004 ,           2
   1.06734705     ,  -1.9958131835937500      ,   3.9820781437516213      ,  -1.0464264137024783E-003 ,           2
  0.983673573     ,  -1.9981414062500000      ,   3.9913729174017907      ,  -1.2361978366110607E-003 ,           2
  0.900000095     ,  -1.9994625976562499      ,   3.9966522383213041      ,  -1.4795567521633456E-003 ,           2
   5.00000000     , -0.42804260253906251      ,  0.18331927552819252      ,   3.9522378708885710E-006 ,           3
   4.91632652     , -0.43661435546874999      ,  0.19072149714231490      ,   3.6988315087735732E-006 ,           3
   4.83265305     , -0.44558293457031251      ,  0.19863547912240029      ,   3.9104840111981775E-006 ,           3
   4.74897957     , -0.45439736328125002      ,  0.20656624180078506      ,   3.9586223477901788E-006 ,           3
   4.66530609     , -0.46402163085937498      ,  0.21540550475120546      ,   4.1089141947153407E-006 ,           3
   4.58163261     , -0.47344826660156247      ,  0.22424123459458351      ,   4.1909363164621437E-006 ,           3
   4.49795914     , -0.48387050781250002      ,  0.23421977869272231      ,   4.4045055707024703E-006 ,           3
   4.41428566     , -0.49467778320312500      ,  0.24479228959083557      ,   4.4227010032281504E-006 ,           3
   4.33061218     , -0.50602980957031252      ,  0.25614794309735300      ,   4.3603520934028035E-006 ,           3
   4.24693871     , -0.51844516601562496      ,  0.26886230764389041      ,   4.2645483953229337E-006 ,           3
   4.16326523     , -0.53079770507812496      ,  0.28182453315258027      ,   4.5191506999689225E-006 ,           3
   4.07959175     , -0.54340891113281253      ,  0.29537506048083306      ,   4.9159072603742466E-006 ,           3
   3.99591827     , -0.55851459960937500      ,  0.31201738982200622      ,   4.9370614948078661E-006 ,           3
   3.91224480     , -0.57348596191406254      ,  0.32895413410067559      ,   4.4418595468269034E-006 ,           3
   3.82857132     , -0.58815405273437504      ,  0.34599675933122637      ,   4.8826436635974853E-006 ,           3
   3.74489784     , -0.60537919921875005      ,  0.36655079536437990      ,   4.7646374612010673E-006 ,           3
   3.66122437     , -0.62259406738281253      ,  0.38768999350666999      ,   4.9700067041727994E-006 ,           3
   3.57755113     , -0.64181267089843752      ,  0.41197658110260965      ,   4.1469729613553413E-006 ,           3
   3.49387765     , -0.66177268066406247      ,  0.43800661693215370      ,   5.2048103768844219E-006 ,           3
   3.41020393     , -0.68328793945312505      ,  0.46693424652814863      ,   4.4574890451154583E-006 ,           3
   3.32653046     , -0.70692573242187495      ,  0.49979348641633986      ,   4.4728114077165917E-006 ,           3
   3.24285722     , -0.73028222656249997      ,  0.53335933477878572      ,   4.4887590914360840E-006 ,           3
   3.15918374     , -0.75910632324218752      ,  0.57627671256661417      ,   3.4369801962973963E-006 ,           3
   3.07551026     , -0.78836442871093748      ,  0.62154451274275779      ,   2.7530327422261118E-006 ,           3
   2.99183679     , -0.82053300781250005      ,  0.67328113647699361      ,   7.5069834999917617E-007 ,           3
   2.90816331     , -0.85754768066406251      ,  0.73539397044777866      ,   7.0303234454547513E-007 ,           3
   2.82448983     , -0.89711494140625003      ,  0.80481004856824878      ,  -6.4799353985894344E-007 ,           3
   2.74081635     , -0.94130947265624998      ,  0.88604092237949372      ,  -3.0086143042965866E-006 ,           3
   2.65714288     , -0.99166315917968750      ,  0.98335355723500251      ,  -5.9860615589233344E-006 ,           3
   2.57346940     ,  -1.0458816406250000      ,   1.0938160714983940      ,  -7.9022676563231322E-006 ,           3
   2.48979592     ,  -1.1128931152343751      ,   1.2384635304570197      ,  -1.0897655331848763E-005 ,           3
   2.40612245     ,  -1.1987433837890624      ,   1.4369845597922801      ,  -1.9697737154681504E-007 ,           3
   2.32244897     ,  -1.3015880371093751      ,   1.6941142429113387      ,  -3.1843101752191261E-006 ,           3
   2.23877549     ,  -1.4852106201171875      ,   2.2055969248950480      ,  -5.0609606398437204E-005 ,           3
   2.15510225     ,  -1.6061017089843750      ,   2.5790870050072670      ,  -1.0242180679467542E-004 ,           3
   2.07142854     ,  -1.6882346191406250      ,   2.8494961654782296      ,  -1.4914733915256234E-004 ,           3
   1.98775530     ,  -1.7553131835937501      ,   3.0803631209135056      ,  -1.9266477342494626E-004 ,           3
   1.90408158     ,  -1.8083197509765625      ,   3.2691744463384151      ,  -2.3331101492462148E-004 ,           3
   1.82040811     ,  -1.8514214355468750      ,   3.4268218630075453      ,  -2.8349468466341192E-004 ,           3
   1.73673487     ,  -1.8857698730468750      ,   3.5551268313169477      ,  -3.3192988767085274E-004 ,           3
   1.65306115     ,  -1.9139745117187501      ,   3.6622485350251197      ,  -3.8420995025368476E-004 ,           3
   1.56938791     ,  -1.9365652832031250      ,   3.7491964907288553      ,  -4.4198739709944032E-004 ,           3
   1.48571444     ,  -1.9544264404296876      ,   3.8186639558851718      ,  -5.0683240899742472E-004 ,           3
   1.40204072     ,  -1.9682751953124999      ,   3.8729626362681389      ,  -5.8228500049367865E-004 ,           3
   1.31836748     ,  -1.9788660644531251      ,   3.9147475032567978      ,  -6.6935313481971553E-004 ,           3
   1.23469377     ,  -1.9865724121093751      ,   3.9452938703298570      ,  -7.7146765994366782E-004 ,           3
   1.15102053     ,  -1.9922201171875000      ,   3.9677547633767127      ,  -8.9537200232313395E-004 ,           3
   1.06734705     ,  -1.9958942871093750      ,   3.9824017184019089      ,  -1.0465728801544176E-003 ,           3
  0.983673573     ,  -1.9980663818359374      ,   3.9910731955468655      ,  -1.2361034881661083E-003 ,           3
  0.900000095     ,  -1.9994726562500000      ,   3.9966924228310585      ,  -1.4796050921554453E-003 ,           3
   5.00000000     , -0.42830424804687500      ,  0.18353274649381637      ,   3.5287042024567096E-006 ,           4
   4.91632652     , -0.43637624511718748      ,  0.19051994401812553      ,   3.9601018921688349E-006 ,           4
   4.83265305     , -0.44528798828124999      ,  0.19836941237449646      ,   3.7688552036376047E-006 ,           4
   4.74897957     , -0.45410270996093749      ,  0.20630430590510368      ,   4.2138751653292087E-006 ,           4
   4.66530609     , -0.46422233886718750      ,  0.21559375062584876      ,   4.1980421337395950E-006 ,           4
   4.58163261     , -0.47353693847656247      ,  0.22431998245120049      ,   3.9421150159680780E-006 ,           4
   4.49795914     , -0.48392807617187500      ,  0.23427933875322343      ,   4.5945783580742396E-006 ,           4
   4.41428566     , -0.49454624023437499      ,  0.24466640971899031      ,   4.6405810441974827E-006 ,           4
   4.33061218     , -0.50641220703125001      ,  0.25653523983955384      ,   4.3678963070470438E-006 ,           4
   4.24693871     , -0.51791862792968746      ,  0.26832090635895728      ,   4.5020515778005559E-006 ,           4
   4.16326523     , -0.53130605468750003      ,  0.28236197918653488      ,   4.3764155065216235E-006 ,           4
   4.07959175     , -0.54458820800781249      ,  0.29664419434666633      ,   4.0784573270193910E-006 ,           4
   3.99591827     , -0.55735917968750004      ,  0.31072856367826462      ,   4.9669130866724511E-006 ,           4
   3.91224480     , -0.57286198730468751      ,  0.32824149132370950      ,   4.6149482606856306E-006 ,           4
   3.82857132     , -0.58923317871093750      ,  0.34725957110524175      ,   4.3547821313836279E-006 ,           4
   3.74489784     , -0.60569790039062499      ,  0.36693001550436022      ,   4.2832180790340431E-006 ,           4
   3.66122437     , -0.62259807128906253      ,  0.38768382959961889      ,   4.1382347245769910E-006 ,           4
   3.57755113     , -0.64223308105468746      ,  0.41251871650815009      ,   4.3274209179515846E-006 ,           4
   3.49387765     , -0.66195856933593755      ,  0.43823623790144922      ,   3.8575971595963354E-006 ,           4
   3.41020393     , -0.68272465820312500      ,  0.46616652808189391      ,   4.6063207831885325E-006 ,           4
   3.32653046     , -0.70690808105468750      ,  0.49976972289681437      ,   4.5805830812068926E-006 ,           4
   3.24285722     , -0.73226022949218750      ,  0.53624069283604625      ,   3.3899506352693661E-006 ,           4
   3.15918374     , -0.75875927734375004      ,  0.57575806430578236      ,   4.2506486196176029E-006 ,           4
   3.07551026     , -0.78836047363281248      ,  0.62155488070845599      ,   4.5084456565945692E-006 ,           4
   2.99183679     , -0.82020949707031254      ,  0.67276027168631558      ,   1.8603997136099871E-006 ,           4
   2.90816331     , -0.85720678710937503      ,  0.73482002134323121      ,   1.9563281646700661E-006 ,           4
   2.82448983     , -0.89617729492187503      ,  0.80312573809623722      ,  -1.0035215471560043E-006 ,           4
   2.74081635     , -0.93841674804687503      ,  0.88063552873134610      ,   1.2693853444129443E-006 ,           4
   2.65714288     , -0.98907055664062504      ,  0.97825006822347638      ,  -1.4868530747880637E-006 ,           4
   2.57346940     ,  -1.0487085449218749      ,   1.0997703825235368      ,  -2.9035801111315641E-006 ,           4
   2.48979592     ,  -1.1124029785156251      ,   1.2374196990609170      ,  -3.3371946652115363E-006 ,           4
   2.40612245     ,  -1.1975023925781250      ,   1.4340273451685905      ,   2.6539660769114482E-006 ,           4
   2.32244897     ,  -1.3035856445312499      ,   1.6992839217782021      ,  -9.5686051038006068E-006 ,           4
   2.23877549     ,  -1.4864660888671875      ,   2.2093995035707952      ,  -3.6297999546482186E-005 ,           4
   2.15510225     ,  -1.6037159912109376      ,   2.5714660722315310      ,  -9.4501335113405730E-005 ,           4
   2.07142854     ,  -1.6900103271484375      ,   2.8555000624954698      ,  -1.4795399649162629E-004 ,           4
   1.98775530     ,  -1.7547458496093751      ,   3.0783726034879684      ,  -1.9244753376940294E-004 ,           4
   1.90408158     ,  -1.8080828369140625      ,   3.2683093890964985      ,  -2.3559498983345765E-004 ,           4
   1.82040811     ,  -1.8502469970703126      ,   3.4224859345853327      ,  -2.8003849654972547E-004 ,           4
   1.73673487     ,  -1.8853084472656250      ,   3.5533888599395751      ,  -3.3123319996073477E-004 ,           4
   1.65306115     ,  -1.9142109863281249      ,   3.6631534772157668      ,  -3.8432942557312420E-004 ,           4
   1.56938791     ,  -1.9366315917968751      ,   3.7494542889237406      ,  -4.4159277048929176E-004 ,           4
   1.48571444     ,  -1.9547020019531249      ,   3.8197401250362395      ,  -5.0730185837350881E-004 ,           4
   1.40204072     ,  -1.9680537353515626      ,   3.8720918103396893      ,  -5.8182037500511727E-004 ,           4
   1.31836748     ,  -1.9789594238281250      ,   3.9151165398120882      ,  -6.6961984019054733E-004 ,           4
   1.23469377     ,  -1.9866693603515626      ,   3.9456787121236325      ,  -7.7170184767999463E-004 ,           4
   1.15102053     ,  -1.9922035400390625      ,   3.9676888827025891      ,  -8.9524390592311820E-004 ,           4
   1.06734705     ,  -1.9959082519531250      ,   3.9824573776245118      ,  -1.0466480854756605E-003 ,           4
  0.983673573     ,  -1.9981217529296875      ,   3.9912943683683872      ,  -1.2362073378023059E-003 ,           4
  0.900000095     ,  -1.9994441162109375      ,   3.9965783582270147      ,  -1.4795252935841188E-003 ,           4
   5.00000000     , -0.42852814941406248      ,  0.18373727248311042      ,   4.0359060004377893E-006 ,           5
   4.91632652     , -0.43649963378906248      ,  0.19062392962574959      ,   3.8063018550456787E-006 ,           5
   4.83265305     , -0.44547397460937499      ,  0.19854348417520523      ,   4.1286248761363551E-006 ,           5
   4.74897957     , -0.45450776367187501      ,  0.20666763391494750      ,   4.0051191376927750E-006 ,           5
   4.66530609     , -0.46407727050781250      ,  0.21545995414853095      ,   4.2380339015653064E-006 ,           5
   4.58163261     , -0.47392126464843748      ,  0.22469251161217690      ,   4.3420975501304559E-006 ,           5
   4.49795914     , -0.48447541503906250      ,  0.23480024378895759      ,   4.1428188834166779E-006 ,           5
   4.41428566     , -0.49617722167968747      ,  0.24627307390570641      ,   4.1690920254978366E-006 ,           5
   4.33061218     , -0.50593457031250000      ,  0.25605270879268649      ,   4.4213747810846267E-006 ,           5
   4.24693871     , -0.51775253906249996      ,  0.26814979069232941      ,   4.5518275786522544E-006 ,           5
   4.16326523     , -0.53065949707031246      ,  0.28168402131199838      ,   4.8762801031254360E-006 ,           5
   4.07959175     , -0.54444140625000004      ,  0.29649469956159591      ,   4.7019406999506668E-006 ,           5
   3.99591827     , -0.55866315917968745      ,  0.31217564057707786      ,   4.4537823518699465E-006 ,           5
   3.91224480     , -0.57298586425781250      ,  0.32838319992423060      ,   4.5995591766154610E-006 ,           5
   3.82857132     , -0.58813566894531255      ,  0.34596560675501825      ,   4.2326271737816667E-006 ,           5
   3.74489784     , -0.60521125488281247      ,  0.36633780644536018      ,   4.0746111306323951E-006 ,           5
   3.66122437     , -0.62306972656250004      ,  0.38826943088769911      ,   3.9946643766701466E-006 ,           5
   3.57755113     , -0.64214350585937496      ,  0.41239624820947646      ,   3.7476811606026173E-006 ,           5
   3.49387765     , -0.66136855468750000      ,  0.43746387400627135      ,   4.5472316569213913E-006 ,           5
   3.41020393     , -0.68377170410156252      ,  0.46759496042132376      ,   4.4040701367317907E-006 ,           5
   3.32653046     , -0.70651623535156249      ,  0.49920247169137000      ,   3.3690163582595136E-006 ,           5
   3.24285722     , -0.73229909667968751      ,  0.53631406131386761      ,   4.9537565024986346E-006 ,           5
   3.15918374     , -0.75859443359375001      ,  0.57550614902973174      ,   4.0713980088831581E-006 ,           5
   3.07551026     , -0.78774384765625005      ,  0.62056642837524412      ,   2.7549958884286827E-006 ,           5
   2.99183679     , -0.82229111328125004      ,  0.67618876724243160      ,   2.9149820046514090E-006 ,           5
   2.90816331     , -0.85542265625000002      ,  0.73175509911775594      ,   8.4875732748256508E-007 ,           5
   2.82448983     , -0.89745490722656251      ,  0.80542364528775212      ,  -2.0873287507707401E-007 ,           5
   2.74081635     , -0.94063032226562504      ,  0.88477334005832675      ,  -1.6058291517265399E-006 ,           5
   2.65714288     , -0.99200668945312498      ,  0.98407259970903393      ,  -6.6174794129034341E-007 ,           5
   2.57346940     ,  -1.0510705322265625      ,   1.1046970811903476      ,  -7.8792902682339674E-006 ,           5
   2.48979592     ,  -1.1171614501953124      ,   1.2480191843211650      ,  -4.9235471112286445E-006 ,           5
   2.40612245     ,  -1.1976258544921874      ,   1.4342755659639836      ,  -5.5482854844368955E-006 ,           5
   2.32244897     ,  -1.3041209472656250      ,   1.7006012628912925      ,  -2.4135663796526262E-005 ,           5
   2.23877549     ,  -1.4874110107421874      ,   2.2122316682636738      ,  -3.1892042410241706E-005 ,           5
   2.15510225     ,  -1.6036504882812499      ,   2.5713079947352409      ,  -8.3302113256313761E-005 ,           5
   2.07142854     ,  -1.6896171142578125      ,   2.8541703580439091      ,  -1.4813843136208521E-004 ,           5
   1.98775530     ,  -1.7547668212890626      ,   3.0784505625545977      ,  -1.9134439488867626E-004 ,           5
   1.90408158     ,  -1.8076768554687499      ,   3.2668342202067375      ,  -2.3759126334650570E-004 ,           5
   1.82040811     ,  -1.8504025878906250      ,   3.4230591455698014      ,  -2.8081586799231861E-004 ,           5
   1.73673487     ,  -1.8854265136718751      ,   3.5538351722478865      ,  -3.3086347484299726E-004 ,           5
   1.65306115     ,  -1.9138534423828124      ,   3.6617876388967039      ,  -3.8328173188874559E-004 ,           5
   1.56938791     ,  -1.9364347900390626      ,   3.7486935878098011      ,  -4.4097353721577777E-004 ,           5
   1.48571444     ,  -1.9541311767578124      ,   3.8175091927230360      ,  -5.0715319600688302E-004 ,           5
   1.40204072     ,  -1.9681585205078125      ,   3.8725039198219777      ,  -5.8199696897321697E-004 ,           5
   1.31836748     ,  -1.9789679687499999      ,   3.9151507991433143      ,  -6.6936717767510914E-004 ,           5
   1.23469377     ,  -1.9865905761718750      ,   3.9453658579468729      ,  -7.7158649730483771E-004 ,           5
   1.15102053     ,  -1.9921307861328126      ,   3.9673993300735950      ,  -8.9499991038428472E-004 ,           5
   1.06734705     ,  -1.9959053710937500      ,   3.9824458139896395      ,  -1.0467040717029594E-003 ,           5
  0.983673573     ,  -1.9980832763671874      ,   3.9911407188832762      ,  -1.2360928835926533E-003 ,           5
  0.900000095     ,  -1.9994348632812500      ,   3.9965413925051689      ,  -1.4794813131193533E-003 ,           5
   5.00000000     , -0.42807917480468749      ,  0.18333825287222863      ,   3.4589190754818007E-006 ,           6
   4.91632652     , -0.43623239746093750      ,  0.19040029127001762      ,   4.2029606172417381E-006 ,           6
   4.83265305     , -0.44483173828125000      ,  0.19796713633537291      ,   3.9333237255461801E-006 ,           6
   4.74897957     , -0.45483271484374999      ,  0.20696682022809981      ,   4.1689594572835231E-006 ,           6
   4.66530609     , -0.46410214843749997      ,  0.21548057162761688      ,   4.1243792195876629E-006 ,           6
   4.58163261     , -0.47361638183593752      ,  0.22440056036114692      ,   4.1961656694440151E-006 ,           6
   4.49795914     , -0.48420051269531250      ,  0.23454171625971795      ,   4.5265620906206569E-006 ,           6
   4.41428566     , -0.49496818847656249      ,  0.24508121228814125      ,   4.5009261179026459E-006 ,           6
   4.33061218     , -0.50600927734375001      ,  0.25612737306356431      ,   4.3715166332145595E-006 ,           6
   4.24693871     , -0.51793198242187499      ,  0.26833824253082278      ,   4.6962641566101147E-006 ,           6
   4.16326523     , -0.53051042480468746      ,  0.28152191539406779      ,   4.6504124761163573E-006 ,           6
   4.07959175     , -0.54404082031250001      ,  0.29605444318056107      ,   4.4480387345156683E-006 ,           6
   3.99591827     , -0.55786420898437505      ,  0.31128642770051956      ,   4.6314499223191399E-006 ,           6
   3.91224480     , -0.57262641601562503      ,  0.32796947358846662      ,   4.4729383383084368E-006 ,           6
   3.82857132     , -0.58863820800781252      ,  0.34656422197222708      ,   4.7265825086576239E-006 ,           6
   3.74489784     , -0.60534560546875005      ,  0.36651697959899904      ,   5.2535773917358139E-006 ,           6
   3.66122437     , -0.62198027343749995      ,  0.38692417448759081      ,   4.8277548278854886E-006 ,           6
   3.57755113     , -0.64133779296875004      ,  0.41136376569271088      ,   3.8754198046469414E-006 ,           6
   3.49387765     , -0.66143476562500003      ,  0.43755221790075305      ,   4.6094775232972446E-006 ,           6
   3.41020393     , -0.68350334472656249      ,  0.46723207644820214      ,   4.7512138461055784E-006 ,           6
   3.32653046     , -0.70634848632812497      ,  0.49898228598833083      ,   4.8891023520835162E-006 ,           6
   3.24285722     , -0.73209641113281254      ,  0.53600310446619992      ,   3.6086750088366930E-006 ,           6
   3.15918374     , -0.75931687011718751      ,  0.57659833627343182      ,   3.6298021768809187E-006 ,           6
   3.07551026     , -0.78939953613281255      ,  0.62318192607760425      ,   3.2032125993798572E-006 ,           6
   2.99183679     , -0.81991525878906246      ,  0.67227209678292277      ,   1.2361835234446082E-006 ,           6
   2.90816331     , -0.85622634277343745      ,  0.73313935835957522      ,   1.8691648225009500E-006 ,           6
   2.82448983     , -0.89639821777343753      ,  0.80352559377551080      ,  -5.2283606428702225E-007 ,           6
   2.74081635     , -0.93925681152343754      ,  0.88223306433558468      ,   3.9544795396026008E-006 ,           6
   2.65714288     , -0.98967792968750001      ,  0.97946135461330419      ,  -1.4870205439895767E-007 ,           6
   2.57346940     ,  -1.0486615966796875      ,   1.0996801018536091      ,  -1.6673597361779025E-006 ,           6
   2.48979592     ,  -1.1136974853515624      ,   1.2402915357410909      ,  -4.9286536681179688E-006 ,           6
   2.40612245     ,  -1.1931176269531250      ,   1.4234878168702125      ,  -7.2295390529120671E-006 ,           6
   2.32244897     ,  -1.3214869140625001      ,   1.7463826343297959      ,   1.0191442556200224E-005 ,           6
   2.23877549     ,  -1.4920440185546875      ,   2.2260501874625684      ,  -2.8962985818254447E-005 ,           6
   2.15510225     ,  -1.6062258544921875      ,   2.5794816456377507      ,  -1.0331650732202954E-004 ,           6
   2.07142854     ,  -1.6887230712890624      ,   2.8511265146553515      ,  -1.5360641221150257E-004 ,           6
   1.98775530     ,  -1.7549598632812500      ,   3.0791310013771058      ,  -1.9060684370956858E-004 ,           6
   1.90408158     ,  -1.8077479003906249      ,   3.2670984098196030      ,  -2.3556892477031720E-004 ,           6
   1.82040811     ,  -1.8503786621093750      ,   3.4229735069990159      ,  -2.7993909912408729E-004 ,           6
   1.73673487     ,  -1.8861512451171876      ,   3.5565635112822056      ,  -3.3253507689533229E-004 ,           6
   1.65306115     ,  -1.9140342285156251      ,   3.6624799753427504      ,  -3.8316922515432031E-004 ,           6
   1.56938791     ,  -1.9371405517578124      ,   3.7514236678898336      ,  -4.4249247502529878E-004 ,           6
   1.48571444     ,  -1.9544430419921874      ,   3.8187284450471402      ,  -5.0701551522715443E-004 ,           6
   1.40204072     ,  -1.9687315917968751      ,   3.8747592322111131      ,  -5.8240715107713426E-004 ,           6
   1.31836748     ,  -1.9786642578125000      ,   3.9139488758563994      ,  -6.6933673804730706E-004 ,           6
   1.23469377     ,  -1.9864876708984376      ,   3.9449570139348507      ,  -7.7158210798466487E-004 ,           6
   1.15102053     ,  -1.9920925537109375      ,   3.9672469198405742      ,  -8.9506310664328771E-004 ,           6
   1.06734705     ,  -1.9957548339843749      ,   3.9818452745437622      ,  -1.0463937365693165E-003 ,           6
  0.983673573     ,  -1.9980836425781250      ,   3.9911421897888184      ,  -1.2360851682118436E-003 ,           6
  0.900000095     ,  -1.9994360351562499      ,   3.9965460818529128      ,  -1.4794773984158447E-003 ,           6
   5.00000000     , -0.42836584472656247      ,  0.18359278891682626      ,   3.8196798113517141E-006 ,           7
   4.91632652     , -0.43647744140625000      ,  0.19060555591583253      ,   3.8476638958345236E-006 ,           7
   4.83265305     , -0.44532224121093750      ,  0.19840373757481575      ,   3.9323862044378883E-006 ,           7
   4.74897957     , -0.45432253417968749      ,  0.20649715668559074      ,   3.9104499974829907E-006 ,           7
   4.66530609     , -0.46359162597656250      ,  0.21500386657118797      ,   3.9821078504590841E-006 ,           7
   4.58163261     , -0.47391931152343753      ,  0.22469042764306069      ,   4.3310111789827821E-006 ,           7
   4.49795914     , -0.48418601074218748      ,  0.23452660050988197      ,   4.4735632247090033E-006 ,           7
   4.41428566     , -0.49471193847656247      ,  0.24482195085883141      ,   4.2106705436293774E-006 ,           7
   4.33061218     , -0.50665056152343746      ,  0.25678029814362524      ,   4.5593329959852010E-006 ,           7
   4.24693871     , -0.51789338378906247      ,  0.26829252697825434      ,   4.3783469778750466E-006 ,           7
   4.16326523     , -0.53092192382812498      ,  0.28196363834142685      ,   4.9356854091279070E-006 ,           7
   4.07959175     , -0.54416096191406249      ,  0.29618660795092583      ,   4.5337480138674294E-006 ,           7
   3.99591827     , -0.55812077636718749      ,  0.31157489628195761      ,   4.7656758869947292E-006 ,           7
   3.91224480     , -0.57322468261718751      ,  0.32865386152863502      ,   4.3986845935486506E-006 ,           7
   3.82857132     , -0.58874045410156250      ,  0.34669426601529124      ,   5.3857244110998267E-006 ,           7
   3.74489784     , -0.60465979003906245      ,  0.36568908110260961      ,   5.3920427200670945E-006 ,           7
   3.66122437     , -0.62345764160156247      ,  0.38876193806529047      ,   4.6631281744253200E-006 ,           7
   3.57755113     , -0.64170209960937497      ,  0.41184546755552293      ,   4.9912923260536929E-006 ,           7
   3.49387765     , -0.66152114257812500      ,  0.43765281385183336      ,   3.4890755124191889E-006 ,           7
   3.41020393     , -0.68302666015625002      ,  0.46656793098449706      ,   3.6555772298857776E-006 ,           7
   3.32653046     , -0.70551926269531251      ,  0.49780224117636679      ,   4.0495151213651534E-006 ,           7
   3.24285722     , -0.73201647949218751      ,  0.53589526681303978      ,   4.4826940429858206E-006 ,           7
   3.15918374     , -0.75888986816406245      ,  0.57595538684725767      ,   4.1636278832120512E-006 ,           7
   3.07551026     , -0.78878269042968752      ,  0.62221069012284280      ,   3.4420356131518084E-006 ,           7
   2.99183679     , -0.82055698242187503      ,  0.67331623818874364      ,   2.7670238372888170E-007 ,           7
   2.90816331     , -0.85624628906250000      ,  0.73317985382080075      ,   2.6185649624262223E-006 ,           7
   2.82448983     , -0.89820339355468748      ,  0.80676122044920917      ,  -1.0172982120643494E-006 ,           7
   2.74081635     , -0.93983093261718753      ,  0.88328460823893551      ,   3.2299134509661620E-007 ,           7
   2.65714288     , -0.99144714355468755      ,  0.98294378090500834      ,  -3.3507350346049558E-006 ,           7
   2.57346940     ,  -1.0468835937500001      ,   1.0959331385493278      ,  -4.8500005663754235E-006 ,           7
   2.48979592     ,  -1.1132463623046875      ,   1.2392649791061878      ,  -8.4664250062594574E-006 ,           7
   2.40612245     ,  -1.1970095458984376      ,   1.4327517808616161      ,  -1.3830752917459747E-005 ,           7
   2.32244897     ,  -1.3163597167968750      ,   1.7330862285017967      ,   5.2528106664530408E-005 ,           7
   2.23877549     ,  -1.4890375488281249      ,   2.2170502766728402      ,  -3.6420775220882625E-005 ,           7
   2.15510225     ,  -1.6002953124999999      ,   2.5604726201772690      ,  -1.0172688016866810E-004 ,           7
   2.07142854     ,  -1.6874750732421875      ,   2.8469629430830476      ,  -1.4197293314092659E-004 ,           7
   1.98775530     ,  -1.7562725830078125      ,   3.0837332194149494      ,  -1.9239012715772268E-004 ,           7
   1.90408158     ,  -1.8077701660156249      ,   3.2671836268067360      ,  -2.3426836421455111E-004 ,           7
   1.82040811     ,  -1.8505135253906251      ,   3.4234653899550440      ,  -2.8212128296591115E-004 ,           7
   1.73673487     ,  -1.8855092041015624      ,   3.5541422999918462      ,  -3.3241923261459564E-004 ,           7
   1.65306115     ,  -1.9139699462890625      ,   3.6622296114623545      ,  -3.8473960899063016E-004 ,           7
   1.56938791     ,  -1.9365208007812500      ,   3.7490238716125490      ,  -4.4212335735410285E-004 ,           7
   1.48571444     ,  -1.9545220947265625      ,   3.8190358836591245      ,  -5.0772939048707405E-004 ,           7
   1.40204072     ,  -1.9683052490234374      ,   3.8730812378704549      ,  -5.8213607194300377E-004 ,           7
   1.31836748     ,  -1.9789850830078124      ,   3.9152190744698045      ,  -6.6905770191623740E-004 ,           7
   1.23469377     ,  -1.9864759765625000      ,   3.9449110749125480      ,  -7.7123959567697634E-004 ,           7
   1.15102053     ,  -1.9921118652343750      ,   3.9673237106442452      ,  -8.9517651839102522E-004 ,           7
   1.06734705     ,  -1.9958146240234376      ,   3.9820837181270123      ,  -1.0465802753898748E-003 ,           7
  0.983673573     ,  -1.9981063232421874      ,   3.9912327352702617      ,  -1.2361789666984681E-003 ,           7
  0.900000095     ,  -1.9994523681640626      ,   3.9966113375484942      ,  -1.4795492255094528E-003 ,           7
   5.00000000     , -0.42849736328124999      ,  0.18370976467132569      ,   3.9909735761691765E-006 ,           8
   4.91632652     , -0.43679389648437500      ,  0.19088213963508607      ,   3.8572860405978109E-006 ,           8
   4.83265305     , -0.44553110351562503      ,  0.19858987914323806      ,   3.9356354962271404E-006 ,           8
   4.74897957     , -0.45436616210937503      ,  0.20653980001211167      ,   4.0434321152879758E-006 ,           8
   4.66530609     , -0.46391572265624997      ,  0.21530808107852936      ,   4.1480826724175432E-006 ,           8
   4.58163261     , -0.47431789550781250      ,  0.22506752640604974      ,   4.2903563007792575E-006 ,           8
   4.49795914     , -0.48411958007812500      ,  0.23445514764785766      ,   4.1212596379655496E-006 ,           8
   4.41428566     , -0.49494052734374999      ,  0.24505320081710816      ,   4.4686220447014456E-006 ,           8
   4.33061218     , -0.50597133789062498      ,  0.25608933106660842      ,   4.3902854489089662E-006 ,           8
   4.24693871     , -0.51781496582031250      ,  0.26821773492693901      ,   4.7346299433196281E-006 ,           8
   4.16326523     , -0.53110029296875005      ,  0.28214722565412520      ,   4.5984816789581746E-006 ,           8
   4.07959175     , -0.54372304687499995      ,  0.29571515207290650      ,   4.8308621021737076E-006 ,           8
   3.99591827     , -0.55774104003906255      ,  0.31114444878697395      ,   4.3451789774058853E-006 ,           8
   3.91224480     , -0.57321364746093750      ,  0.32864558858275411      ,   4.6847343599787568E-006 ,           8
   3.82857132     , -0.58852568359375002      ,  0.34641934477090836      ,   3.8794300897462266E-006 ,           8
   3.74489784     , -0.60556384277343756      ,  0.36677427849173544      ,   4.7568152704440278E-006 ,           8
   3.66122437     , -0.62311848144531246      ,  0.38834072386622431      ,   4.7806070986784053E-006 ,           8
   3.57755113     , -0.64178544921875003      ,  0.41195620750188827      ,   5.2852057648991534E-006 ,           8
   3.49387765     , -0.66194404296874998      ,  0.43822262330055239      ,   4.3177275433696747E-006 ,           8
   3.41020393     , -0.68396398925781254      ,  0.46785976077914238      ,   4.5592864231224989E-006 ,           8
   3.32653046     , -0.70707856445312500      ,  0.50000303812026980      ,   3.8805865026338281E-006 ,           8
   3.24285722     , -0.73181098632812502      ,  0.53559342206716543      ,   4.3839686652208291E-006 ,           8
   3.15918374     , -0.75786770019531247      ,  0.57440111816525463      ,   3.7740981009915375E-006 ,           8
   3.07551026     , -0.78865136718749995      ,  0.62201115816831587      ,   4.2478280546277223E-006 ,           8
   2.99183679     , -0.82124394531250000      ,  0.67446691234111789      ,   2.8258718969066798E-006 ,           8
   2.90816331     , -0.85578486328125003      ,  0.73238881262540823      ,   2.4925354904344280E-006 ,           8
   2.82448983     , -0.89527712402343751      ,  0.80153815464377398      ,   2.1341679666002663E-006 ,           8
   2.74081635     , -0.94050588378906252      ,  0.88455157878994939      ,   3.4790406540523527E-008 ,           8
   2.65714288     , -0.99058874511718753      ,  0.98123111208081248      ,  -4.9501204627437713E-006 ,           8
   2.57346940     ,  -1.0462811279296875      ,   1.0946590722143650      ,  -6.8138592456732442E-006 ,           8
   2.48979592     ,  -1.1143965820312500      ,   1.2418610880136489      ,  -3.0091590576446699E-006 ,           8
   2.40612245     ,  -1.1947156494140625      ,   1.4272746995985508      ,  -1.2226318344273000E-005 ,           8
   2.32244897     ,  -1.3172382080078124      ,   1.7350283461153506      ,  -1.6343027141133575E-005 ,           8
   2.23877549     ,  -1.4908162109375001      ,   2.2223673444271088      ,  -3.3045996869591478E-005 ,           8
   2.15510225     ,  -1.6059706298828125      ,   2.5787180316388607      ,  -9.1212296730499147E-005 ,           8
   2.07142854     ,  -1.6880693115234375      ,   2.8489518600881101      ,  -1.4592572172263997E-004 ,           8
   1.98775530     ,  -1.7549615722656251      ,   3.0791220817923546      ,  -1.9438242905122068E-004 ,           8
   1.90408158     ,  -1.8075392333984375      ,   3.2663380914986133      ,  -2.3720378462399938E-004 ,           8
   1.82040811     ,  -1.8495136962890626      ,   3.4197696280181407      ,  -2.8102500017808797E-004 ,           8
   1.73673487     ,  -1.8854135009765625      ,   3.5537870343863962      ,  -3.3055483617252900E-004 ,           8
   1.65306115     ,  -1.9131759765625000      ,   3.6591951421737670      ,  -3.8321406704270206E-004 ,           8
   1.56938791     ,  -1.9366875244140624      ,   3.7496694693386554      ,  -4.4218735974830067E-004 ,           8
   1.48571444     ,  -1.9544906250000000      ,   3.8189140744686125      ,  -5.0718286530295679E-004 ,           8
   1.40204072     ,  -1.9681829101562500      ,   3.8725987321138380      ,  -5.8260422375305658E-004 ,           8
   1.31836748     ,  -1.9790129150390625      ,   3.9153283863008022      ,  -6.6954518625986920E-004 ,           8
   1.23469377     ,  -1.9868170410156250      ,   3.9462653487086294      ,  -7.7181370659232425E-004 ,           8
   1.15102053     ,  -1.9920796142578125      ,   3.9671953588783739      ,  -8.9506910973951746E-004 ,           8
   1.06734705     ,  -1.9958037353515625      ,   3.9820403594195843      ,  -1.0464883578973812E-003 ,           8
  0.983673573     ,  -1.9981498779296876      ,   3.9914067091882228      ,  -1.2362634756827046E-003 ,           8
  0.900000095     ,  -1.9994366455078125      ,   3.9965485022127627      ,  -1.4795025321654165E-003 ,           8
   5.00000000     , -0.42826066894531251      ,  0.18349971000552179      ,   3.7003778633234789E-006 ,           9
   4.91632652     , -0.43655766601562501      ,  0.19067453753948210      ,   3.8039210251375391E-006 ,           9
   4.83265305     , -0.44519704589843750      ,  0.19829662757515906      ,   4.1198804308601388E-006 ,           9
   4.74897957     , -0.45484814453125000      ,  0.20697617199420928      ,   3.9612546967004993E-006 ,           9
   4.66530609     , -0.46354667968750002      ,  0.21496117947101592      ,   3.9354425550066339E-006 ,           9
   4.58163261     , -0.47340361328125002      ,  0.22419616773128509      ,   4.0581777329210819E-006 ,           9
   4.49795914     , -0.48494658203125002      ,  0.23525963968038560      ,   4.2731219718892575E-006 ,           9
   4.41428566     , -0.49493723144531249      ,  0.24504350802302360      ,   4.1386269680265588E-006 ,           9
   4.33061218     , -0.50611992187499999      ,  0.25623726239204409      ,   4.2596893029161386E-006 ,           9
   4.24693871     , -0.51896748046874996      ,  0.26939940536022189      ,   4.0007552112701791E-006 ,           9
   4.16326523     , -0.53047290039062500      ,  0.28147553831338884      ,   4.2716905525292937E-006 ,           9
   4.07959175     , -0.54405654296874995      ,  0.29607505422830582      ,   4.6585327844671233E-006 ,           9
   3.99591827     , -0.55831677246093747      ,  0.31178330932259557      ,   4.1140743116502619E-006 ,           9
   3.91224480     , -0.57254233398437504      ,  0.32786995760202409      ,   4.2620443291928222E-006 ,           9
   3.82857132     , -0.58822084960937504      ,  0.34606986423730851      ,   4.5092450356367443E-006 ,           9
   3.74489784     , -0.60546472167968746      ,  0.36664173933863642      ,   3.8654543964301977E-006 ,           9
   3.66122437     , -0.62269855957031250      ,  0.38780789547562600      ,   4.0582737366844274E-006 ,           9
   3.57755113     , -0.64139736328124997      ,  0.41145262910127639      ,   4.8481988345495815E-006 ,           9
   3.49387765     , -0.66222924804687500      ,  0.43860393315553664      ,   4.6166424418491642E-006 ,           9
   3.41020393     , -0.68318459472656246      ,  0.46678158695101740      ,   3.4736242033076173E-006 ,           9
   3.32653046     , -0.70633376464843745      ,  0.49895719912648201      ,   4.5014390520314990E-006 ,           9
   3.24285722     , -0.73113972167968755      ,  0.53461526719927788      ,   4.7521865493314341E-006 ,           9
   3.15918374     , -0.75955810546875002      ,  0.57695594420433050      ,   2.7482372006590908E-006 ,           9
   3.07551026     , -0.78917802734374998      ,  0.62282329287528992      ,   2.2554779781207968E-006 ,           9
   2.99183679     , -0.82039011230468750      ,  0.67306906283497814      ,   3.2539582819695468E-006 ,           9
   2.90816331     , -0.85580000000000001      ,  0.73240442479848866      ,   1.2751886947811528E-006 ,           9
   2.82448983     , -0.89604492187499996      ,  0.80290655670166011      ,   1.2603418493623485E-006 ,           9
   2.74081635     , -0.94048186035156245      ,  0.88448658229708677      ,  -2.6021247385103837E-006 ,           9
   2.65714288     , -0.99151137695312497      ,  0.98308300102949142      ,  -1.6726508359152849E-006 ,           9
   2.57346940     ,  -1.0470316650390625      ,   1.0962434174954891      ,  -4.8152393564237902E-006 ,           9
   2.48979592     ,  -1.1149009277343751      ,   1.2429726190328598      ,  -5.0748837936053121E-006 ,           9
   2.40612245     ,  -1.1939630615234376      ,   1.4254629057466983      ,  -1.4662342433551034E-005 ,           9
   2.32244897     ,  -1.3053513916015624      ,   1.7040320194780827      ,   1.6642150358007428E-005 ,           9
   2.23877549     ,  -1.4941545410156249      ,   2.2322686849594118      ,  -4.5710730148651915E-005 ,           9
   2.15510225     ,  -1.6049858398437500      ,   2.5755023023009298      ,  -1.0275536565120929E-004 ,           9
   2.07142854     ,  -1.6886206542968749      ,   2.8508068231344224      ,  -1.4749898063384288E-004 ,           9
   1.98775530     ,  -1.7549410156250000      ,   3.0790650095820427      ,  -1.9056594187352662E-004 ,           9
   1.90408158     ,  -1.8070210693359374      ,   3.2644713783681394      ,  -2.3548758728827269E-004 ,           9
   1.82040811     ,  -1.8510315185546875      ,   3.4253801646411417      ,  -2.8290596395174640E-004 ,           9
   1.73673487     ,  -1.8857474365234375      ,   3.5550531229555609      ,  -3.2831235487624572E-004 ,           9
   1.65306115     ,  -1.9134232177734376      ,   3.6601425974905490      ,  -3.8271553358500685E-004 ,           9
   1.56938791     ,  -1.9370573730468750      ,   3.7511006156325339      ,  -4.4281788105515616E-004 ,           9
   1.48571444     ,  -1.9543934814453126      ,   3.8185321752011774      ,  -5.0816883178073698E-004 ,           9
   1.40204072     ,  -1.9683045654296876      ,   3.8730787866890433      ,  -5.8201405015236062E-004 ,           9
   1.31836748     ,  -1.9789145263671875      ,   3.9149394486248492      ,  -6.6927043199105449E-004 ,           9
   1.23469377     ,  -1.9867060302734374      ,   3.9458244012892245      ,  -7.7171116211357377E-004 ,           9
   1.15102053     ,  -1.9922618408203125      ,   3.9679210102260112      ,  -8.9537216299492373E-004 ,           9
   1.06734705     ,  -1.9958347656250000      ,   3.9821642160892488      ,  -1.0464927156527623E-003 ,           9
  0.983673573     ,  -1.9981840332031251      ,   3.9915431452631949      ,  -1.2363252797995574E-003 ,           9
  0.900000095     ,  -1.9994778564453124      ,   3.9967132134735586      ,  -1.4796108714270504E-003 ,           9
   5.00000000     , -0.42799987792968752      ,  0.18328335871100426      ,   3.9785284086754942E-006 ,          10
   4.91632652     , -0.43693295898437501      ,  0.19100518414974213      ,   3.9210782151078780E-006 ,          10
   4.83265305     , -0.44543784179687501      ,  0.19850967379808426      ,   4.0592924149577741E-006 ,          10
   4.74897957     , -0.45503745117187500      ,  0.20715047249794005      ,   4.0522907393655554E-006 ,          10
   4.66530609     , -0.46351525878906252      ,  0.21493020463585855      ,   3.8506408381994332E-006 ,          10
   4.58163261     , -0.47401577148437501      ,  0.22477941910028457      ,   4.2144716106939717E-006 ,          10
   4.49795914     , -0.48380458984375002      ,  0.23415045720338820      ,   4.1309581444361895E-006 ,          10
   4.41428566     , -0.49481860351562501      ,  0.24492428084611892      ,   4.0455088937344178E-006 ,          10
   4.33061218     , -0.50638100585937496      ,  0.25650370073318479      ,   4.3711611082109414E-006 ,          10
   4.24693871     , -0.51846350097656246      ,  0.26888332503437995      ,   4.3757513361184289E-006 ,          10
   4.16326523     , -0.53114694824218756      ,  0.28219874686598778      ,   4.7116647100904371E-006 ,          10
   4.07959175     , -0.54386215820312500      ,  0.29585812118053434      ,   4.3305748746758889E-006 ,          10
   3.99591827     , -0.55811398925781253      ,  0.31155878711342810      ,   4.2312631641582557E-006 ,          10
   3.91224480     , -0.57263522949218748      ,  0.32798388549685475      ,   4.7550674304093450E-006 ,          10
   3.82857132     , -0.58865629882812498      ,  0.34658924558162690      ,   4.9807370195638759E-006 ,          10
   3.74489784     , -0.60575502929687497      ,  0.36701563088893890      ,   5.4530768077850866E-006 ,          10
   3.66122437     , -0.62248754882812496      ,  0.38753964813947678      ,   3.6479887176991500E-006 ,          10
   3.57755113     , -0.64122770996093748      ,  0.41122691811919210      ,   4.2145977183590063E-006 ,          10
   3.49387765     , -0.66168330078125004      ,  0.43787594468593599      ,   4.1904970503056451E-006 ,          10
   3.41020393     , -0.68287465820312498      ,  0.46637037670612336      ,   4.5210828924913325E-006 ,          10
   3.32653046     , -0.70667250976562501      ,  0.49944653335809708      ,   5.4670494333500469E-006 ,          10
   3.24285722     , -0.73189055175781248      ,  0.53570678618550305      ,   4.0895708839271912E-006 ,          10
   3.15918374     , -0.75760690917968754      ,  0.57399499186873437      ,   2.6815478555110088E-006 ,          10
   3.07551026     , -0.78834833984374997      ,  0.62152902544736865      ,   3.7975907099006247E-006 ,          10
   2.99183679     , -0.82128051757812504      ,  0.67452116113901139      ,   2.1754433781563479E-006 ,          10
   2.90816331     , -0.85697978515624995      ,  0.73443974081277852      ,   3.0019397028919861E-006 ,          10
   2.82448983     , -0.89546308593750001      ,  0.80187930278778075      ,   3.1543395509225041E-006 ,          10
   2.74081635     , -0.94062067871093746      ,  0.88476708396077153      ,  -2.3596393776285157E-008 ,          10
   2.65714288     , -0.98884191894531248      ,  0.97779060919880867      ,  -2.5113936287170210E-006 ,          10
   2.57346940     ,  -1.0498332031249999      ,   1.1021325497865677      ,  -2.5978048313877706E-006 ,          10
   2.48979592     ,  -1.1168757080078124      ,   1.2473656752049922      ,  -7.3675294842009950E-006 ,          10
   2.40612245     ,  -1.1905461425781250      ,   1.4173473236799241      ,  -9.1190274193003493E-006 ,          10
   2.32244897     ,  -1.3234117919921875      ,   1.7513097647011280      ,  -2.0209703833745584E-005 ,          10
   2.23877549     ,  -1.4821655517578125      ,   2.1966857055008413      ,  -2.5741087957752647E-005 ,          10
   2.15510225     ,  -1.6027683105468751      ,   2.5684814181804656      ,  -8.2859712203315529E-005 ,          10
   2.07142854     ,  -1.6899787597656251      ,   2.8554390104413034      ,  -1.3731607693908120E-004 ,          10
   1.98775530     ,  -1.7543866699218751      ,   3.0771147679686548      ,  -1.9179618204477627E-004 ,          10
   1.90408158     ,  -1.8085948486328125      ,   3.2701635148465633      ,  -2.3494835501709430E-004 ,          10
   1.82040811     ,  -1.8500461914062500      ,   3.4217447784304618      ,  -2.7947007741542783E-004 ,          10
   1.73673487     ,  -1.8859566406249999      ,   3.5558362016797065      ,  -3.3029403515735350E-004 ,          10
   1.65306115     ,  -1.9142939941406250      ,   3.6634724118232729      ,  -3.8391268723312054E-004 ,          10
   1.56938791     ,  -1.9363754638671875      ,   3.7484627316057684      ,  -4.4141901302814179E-004 ,          10
   1.48571444     ,  -1.9540479492187499      ,   3.8171840744972227      ,  -5.0708528414945982E-004 ,          10
   1.40204072     ,  -1.9682047607421875      ,   3.8726844826400280      ,  -5.8273743252047804E-004 ,          10
   1.31836748     ,  -1.9789136474609375      ,   3.9149364569842815      ,  -6.6899028619976165E-004 ,          10
   1.23469377     ,  -1.9867121337890625      ,   3.9458486383616926      ,  -7.7172083589860895E-004 ,          10
   1.15102053     ,  -1.9922069580078126      ,   3.9677024603307247      ,  -8.9527482451071463E-004 ,          10
   1.06734705     ,  -1.9958068115234375      ,   3.9820527271330355      ,  -1.0464103812167548E-003 ,          10
  0.983673573     ,  -1.9981782226562499      ,   3.9915199890017510      ,  -1.2362583225272461E-003 ,          10
  0.900000095     ,  -1.9994610107421875      ,   3.9966459193289281      ,  -1.4795234734852466E-003 ,          10
