 Temperature,Magnetization,Magnetization^2,Suceptibility,Cumulant,Average
   5.00000000     ,   1.5391845703124999E-004 ,   1.7160295695066452E-004 ,   3.4315853723195984E-005 ,  -3.8886704389581972E-002 ,           1
   4.91632652     ,   6.6044921875000001E-004 ,   1.7954380810260772E-004 ,   3.6431188298518709E-005 ,  -2.0284327899475763E-003 ,           1
   4.83265305     ,   3.6540527343749998E-004 ,   1.6710054874420166E-004 ,   3.4549764961417754E-005 ,  -7.2693369224853255E-002 ,           1
   4.74897957     ,   6.3937988281250000E-004 ,   1.8533335030078887E-004 ,   3.8939849139723286E-005 ,   3.6272912754526820E-002 ,           1
   4.66530609     ,   3.3350830078125000E-004 ,   1.8357022553682327E-004 ,   3.9324108121863322E-005 ,  -2.2501941371792400E-002 ,           1
   4.58163261     ,   1.2145019531249999E-003 ,   1.9718646705150605E-004 ,   4.2716530797034278E-005 ,   1.1999868534955938E-002 ,           1
   4.49795914     ,   5.5463867187499996E-004 ,   2.0113418102264403E-004 ,   4.4648371688634918E-005 ,  -9.2436219172717049E-002 ,           1
   4.41428566     ,   9.9487304687500004E-004 ,   2.0968151092529296E-004 ,   4.7276444769850933E-005 ,   2.1576301759348659E-002 ,           1
   4.33061218     ,   4.6134033203125001E-004 ,   2.3097695559263229E-004 ,   5.3286720421284265E-005 ,  -8.2524326263291314E-003 ,           1
   4.24693871     ,   2.3505004882812498E-003 ,   2.6161333173513410E-004 ,   6.0299546865786535E-005 ,   6.7859046964091840E-002 ,           1
   4.16326523     ,   3.9941406249999998E-004 ,   2.3170284628868103E-004 ,   5.5615796312130732E-005 ,   5.3609883253470381E-002 ,           1
   4.07959175     ,   2.9606933593749997E-004 ,   2.4864578545093539E-004 ,   6.0927206436998932E-005 ,   2.9899052364956491E-002 ,           1
   3.99591827     ,   7.2928466796875005E-004 ,   2.6175964921712876E-004 ,   6.5373659607700707E-005 ,   1.2318587033136041E-002 ,           1
   3.91224480     ,   6.2861328125000005E-004 ,   2.5995490849018099E-004 ,   6.6345477968460278E-005 ,  -7.5993002128889042E-003 ,           1
   3.82857132     ,   4.1660156249999998E-004 ,   3.3501934111118318E-004 ,   8.7459726617988411E-005 ,   2.5243725920140125E-002 ,           1
   3.74489784     ,   1.1676513671875000E-003 ,   3.1746486425399779E-004 ,   8.4408562201962036E-005 ,  -3.9815085160244346E-002 ,           1
   3.66122437     ,   1.6121704101562499E-003 ,   3.0703053921461108E-004 ,   8.3150177225216465E-005 ,   7.3267039526274669E-002 ,           1
   3.57755113     ,   5.4022216796875005E-004 ,   3.3432198315858840E-004 ,   9.3368376065916124E-005 ,   8.2918081454072312E-002 ,           1
   3.49387765     ,   5.1597900390624996E-004 ,   3.3675606101751327E-004 ,   9.6308418146409547E-005 ,  -7.3429730058236942E-002 ,           1
   3.41020393     ,   7.4506835937500002E-004 ,   4.0164751112461088E-004 ,   1.1761536683654449E-004 ,   8.1413836019589958E-002 ,           1
   3.32653046     ,   1.3780883789062501E-003 ,   4.5591914802789690E-004 ,   1.3648455764578125E-004 , -0.12783371900750007      ,           1
   3.24285722     ,   2.6957641601562500E-003 ,   5.0118000358343124E-004 ,   1.5230792022121405E-004 ,  -1.4268659593506872E-002 ,           1
   3.15918374     ,   2.5666503906250000E-003 ,   5.4095059633255007E-004 ,   1.6914588089399503E-004 ,  -2.0381217385931460E-002 ,           1
   3.07551026     ,   2.1283447265625002E-003 ,   6.6289010345935823E-004 ,   2.1406537364068156E-004 ,  -4.6126050030578458E-002 ,           1
   2.99183679     ,   2.0988037109375001E-003 ,   8.1034100055694578E-004 ,   2.6937832984375086E-004 ,  0.14103702473512614      ,           1
   2.90816331     ,   5.6458251953124998E-003 ,   8.1057815849781031E-004 ,   2.6776447223796009E-004 ,   7.9618653955403351E-002 ,           1
   2.82448983     ,   6.8815429687500004E-003 ,   1.0604566931724548E-003 ,   3.5868460622920709E-004 ,  -7.8073597322774413E-002 ,           1
   2.74081635     ,   8.8029174804687502E-003 ,   1.1432775869965554E-003 ,   3.8885723554415622E-004 ,  0.13157071529006659      ,           1
   2.65714288     ,   7.4004272460937498E-003 ,   1.9353504315018654E-003 ,   7.0774670493028774E-004 , -0.16118301309098482      ,           1
   2.57346940     ,   1.3189477539062499E-002 ,   1.7587855637073518E-003 ,   6.1583141103530698E-004 ,  -2.4542200476523668E-002 ,           1
   2.48979592     ,   7.7133789062500005E-004 ,   5.5988797336816790E-003 ,   2.2484914136945327E-003 ,  0.25902522116125271      ,           1
   2.40612245     ,   8.5494323730468752E-002 ,   1.1335247714817524E-002 ,   1.6732183594075161E-003 ,  0.34743659851081055      ,           1
   2.32244897     ,   7.9039184570312504E-002 ,   1.9338909241557123E-002 ,   5.6370307903869012E-003 ,  0.22343842004372350      ,           1
   2.23877549     ,  0.69906837158203128      ,  0.49045484700351955      ,   7.8536629713726088E-004 ,  0.66179404500311512      ,           1
   2.15510225     ,  0.83098270263671870      ,  0.69059833173006768      ,   3.0661954536632465E-005 ,  0.66624431833994135      ,           1
   2.07142854     ,  0.88435552978515630      ,  0.78195248352438207      ,  -6.3830124125624821E-005 ,  0.66659322891772144      ,           1
   1.98775530     ,  0.91427021484375004      ,  0.83568121393918993      ,  -1.0504904817667160E-004 ,  0.66669999675414804      ,           1
   1.90408158     ,  0.93758018798828124      ,  0.87881392509788270      ,  -1.2745451621345069E-004 ,  0.66673486337698018      ,           1
   1.82040811     ,  0.95411099853515624      ,  0.91006886145025490      ,  -1.4224067425890646E-004 ,  0.66674602480549128      ,           1
   1.73673487     ,  0.96603001708984371      ,  0.93294224386066193      ,  -1.5647182108339709E-004 ,  0.66675502462584291      ,           1
   1.65306115     ,  0.97530202636718755      ,  0.95093454716801640      ,  -1.6907750446578572E-004 ,  0.66675853631400850      ,           1
   1.56938791     ,  0.98225313720703122      ,  0.96453571252077819      ,  -1.8192636790018881E-004 ,  0.66676132311101033      ,           1
   1.48571444     ,  0.98761713867187495      ,  0.97509740855395799      ,  -1.9532962934500550E-004 ,  0.66676346004074838      ,           1
   1.40204072     ,  0.99160738525390624      ,  0.98299170370846989      ,  -2.0933969891898259E-004 ,  0.66676474620946369      ,           1
   1.31836748     ,  0.99460488281250004      ,  0.98894314639568326      ,  -2.2431266558988174E-004 ,  0.66676534829854905      ,           1
   1.23469377     ,  0.99662703857421875      ,  0.99296809978634115      ,  -2.4083238040342687E-004 ,  0.66676591724737366      ,           1
   1.15102053     ,  0.99812030029296872      ,  0.99594565234035248      ,  -2.5931902903427660E-004 ,  0.66676623242533495      ,           1
   1.06734705     ,  0.99907979736328123      ,  0.99786124305576085      ,  -2.8031974111972772E-004 ,  0.66676642313656309      ,           1
  0.983673573     ,  0.99965362548828129      ,  0.99900775761753324      ,  -3.0458613374320117E-004 ,  0.66676651799002173      ,           1
  0.900000095     ,   1.0000150634765625      ,  0.99973024366497998      ,  -3.3320388575437692E-004 ,  0.66676658928708921      ,           1
   5.00000000     ,   3.4934082031250001E-004 ,   1.7202158570289611E-004 ,   3.4379909851132469E-005 ,  -1.5803769518634381E-002 ,           2
   4.91632652     ,   1.0660400390625000E-004 ,   1.6258843094110490E-004 ,   3.3068810200667579E-005 ,  -4.3891414521161076E-002 ,           2
   4.83265305     ,   6.4517822265625004E-004 ,   1.8201128691434861E-004 ,   3.7576674617712524E-005 ,   2.3693577208594885E-002 ,           2
   4.74897957     ,   7.2204589843750000E-004 ,   1.9050949513912201E-004 ,   4.0006099528485513E-005 ,   6.5997928267313988E-003 ,           2
   4.66530609     ,   2.1578369140625001E-004 ,   1.8903590887784958E-004 ,   4.0509528439560808E-005 ,   4.7486648576773760E-002 ,           2
   4.58163261     ,   2.6352539062499998E-004 ,   2.0312992036342620E-004 ,   4.4320549111271497E-005 ,  -1.5567414972548210E-003 ,           2
   4.49795914     ,   2.6953125000000000E-005 ,   2.0025520026683807E-004 ,   4.4521184416118264E-005 ,   6.6079334067757789E-002 ,           2
   4.41428566     ,   1.1441040039062501E-003 ,   2.1020075529813766E-004 ,   4.7321761903769496E-005 ,  -1.1653372678015472E-002 ,           2
   4.33061218     ,   3.1877441406250002E-004 ,   2.0968293249607085E-004 ,   4.8395309132841273E-005 ,   8.4693702198865850E-003 ,           2
   4.24693871     ,   3.6687011718749998E-004 ,   2.1241814792156220E-004 ,   4.9985076127409420E-005 ,   4.0590893252730575E-002 ,           2
   4.16326523     ,   4.2946777343750003E-004 ,   2.4393950700759886E-004 ,   5.8549010718517482E-005 ,  -2.3363205453471592E-002 ,           2
   4.07959175     ,   1.9879150390625001E-004 ,   2.4188791662454605E-004 ,   5.9282500236755819E-005 ,   4.7132876199802443E-002 ,           2
   3.99591827     ,   9.6551513671875005E-004 ,   2.7021110504865648E-004 ,   6.7388488784110394E-005 ,   4.8850744491218179E-002 ,           2
   3.91224480     ,   2.9013671874999998E-004 ,   2.4781453311443330E-004 ,   6.3321791947251849E-005 ,   3.3498096801302668E-002 ,           2
   3.82857132     ,   5.9114990234374997E-004 ,   2.8124407082796095E-004 ,   7.3368001581290172E-005 ,   5.3319667809303972E-004 ,           2
   3.74489784     ,   6.0291748046874998E-004 ,   3.1948175877332687E-004 ,   8.5214136815248964E-005 ,  0.11395671959392517      ,           2
   3.66122437     ,   1.5953124999999999E-003 ,   3.0721696019172666E-004 ,   8.3215863569182020E-005 ,   1.6719044641342440E-002 ,           2
   3.57755113     ,   4.3492431640624999E-004 ,   3.4579654186964035E-004 ,   9.6604455435881715E-005 ,   3.9058402545508408E-002 ,           2
   3.49387765     ,   1.7368408203124999E-003 ,   3.4694398939609527E-004 ,   9.8437155179286677E-005 ,  -1.6331353583344255E-002 ,           2
   3.41020393     ,   8.9404296875000006E-005 ,   4.4812381863594054E-004 ,   1.3140440773761920E-004 ,  -4.3812295845617966E-002 ,           2
   3.32653046     ,   9.4096679687500002E-004 ,   4.8424614667892457E-004 ,   1.4530477114648577E-004 ,   2.2965947665488651E-003 ,           2
   3.24285722     ,   2.2857666015625001E-004 ,   4.7511962205171583E-004 ,   1.4649653774079008E-004 ,  -8.7023481301230721E-002 ,           2
   3.15918374     ,   2.2404174804687500E-003 ,   5.5649336725473403E-004 ,   1.7456215184742435E-004 ,  -2.4189959228750890E-002 ,           2
   3.07551026     ,   1.0267211914062500E-003 ,   5.8039721697568890E-004 ,   1.8837298928021224E-004 , -0.16095578808134836      ,           2
   2.99183679     ,   3.0363525390624999E-003 ,   7.2948988378047940E-004 ,   2.4074522591379597E-004 ,   6.0424767268107193E-002 ,           2
   2.90816331     ,   2.4788452148437499E-003 ,   8.4039694815874096E-004 ,   2.8686568908848270E-004 ,   7.7709353496613676E-002 ,           2
   2.82448983     ,   1.0399157714843749E-002 ,   9.0495365113019946E-004 ,   2.8210798719582647E-004 ,  0.15362693306701036      ,           2
   2.74081635     ,   5.4929687499999996E-003 ,   1.0098224371671678E-003 ,   3.5742991921391937E-004 ,  0.17730489562043639      ,           2
   2.65714288     ,   8.5917968750000003E-004 ,   1.6300838589668274E-003 ,   6.1319460461146643E-004 ,   3.0100229895378861E-002 ,           2
   2.57346940     ,   2.2318286132812500E-002 ,   3.5200880378484724E-003 ,   1.1742833349694508E-003 ,  0.13438725335572377      ,           2
   2.48979592     ,   5.4637438964843750E-002 ,   1.0686065326631069E-002 ,   3.0929505088007425E-003 ,  0.21211034482552549      ,           2
   2.40612245     ,   3.9573901367187497E-002 ,   6.9528783380985257E-003 ,   2.2387823944213549E-003 , -0.36924255204120837      ,           2
   2.32244897     ,  0.26083326416015623      ,   8.2563579581677912E-002 ,   6.2561493771942133E-003 ,  0.42924466068224976      ,           2
   2.23877549     ,  0.71252047119140627      ,  0.50872635854631665      ,   4.6495803629575093E-004 ,  0.66366794473590440      ,           2
   2.15510225     ,  0.82687933349609377      ,  0.68392213559299708      ,   8.9417300677592824E-005 ,  0.66601720989863744      ,           2
   2.07142854     ,  0.88156049804687497      ,  0.77700552375018594      ,  -6.9221779862825366E-005 ,  0.66661334937835759      ,           2
   1.98775530     ,  0.91575346679687497      ,  0.83839953123927113      ,  -1.0307139033624434E-004 ,  0.66669263444918125      ,           2
   1.90408158     ,  0.93764672851562503      ,  0.87894120488464833      ,  -1.2614091771128932E-004 ,  0.66673105380479636      ,           2
   1.82040811     ,  0.95361153564453127      ,  0.90911715055257081      ,  -1.4162228888258479E-004 ,  0.66674477688108102      ,           2
   1.73673487     ,  0.96589146728515629      ,  0.93267564447373152      ,  -1.5585689853041693E-004 ,  0.66675361394366972      ,           2
   1.65306115     ,  0.97525637207031246      ,  0.95084544958472250      ,  -1.6910545932824459E-004 ,  0.66675863542991975      ,           2
   1.56938791     ,  0.98216472167968749      ,  0.96436167578697207      ,  -1.8215046348499689E-004 ,  0.66676187954524491      ,           2
   1.48571444     ,  0.98756053466796878      ,  0.97498556052893404      ,  -1.9535995838174225E-004 ,  0.66676356715771201      ,           2
   1.40204072     ,  0.99158735351562499      ,  0.98295202955007555      ,  -2.0930212542149250E-004 ,  0.66676469106731662      ,           2
   1.31836748     ,  0.99451228027343752      ,  0.98875895435214045      ,  -2.2430867865002341E-004 ,  0.66676541525120792      ,           2
   1.23469377     ,  0.99669468994140620      ,  0.99310288778692479      ,  -2.4088335627960435E-004 ,  0.66676594753300011      ,           2
   1.15102053     ,  0.99812081298828126      ,  0.99594669734984631      ,  -2.5930030996504394E-004 ,  0.66676620319834057      ,           2
   1.06734705     ,  0.99907225341796879      ,  0.99784618426114324      ,  -2.8030554219577949E-004 ,  0.66676640893924488      ,           2
  0.983673573     ,  0.99967353515625001      ,  0.99904754606187340      ,  -3.0460391971340816E-004 ,  0.66676652540773895      ,           2
  0.900000095     ,   1.0000117309570313      ,  0.99972358138710260      ,  -3.3320071855670369E-004 ,  0.66676658815086731      ,           2
   5.00000000     ,   8.0268554687499996E-004 ,   1.8380503356456757E-004 ,   3.6632146441342618E-005 ,   6.5011577958821176E-003 ,           3
   4.91632652     ,   2.0716552734375001E-004 ,   1.7977275103330613E-004 ,   3.6557749980463369E-005 ,  -1.2982722609593100E-002 ,           3
   4.83265305     ,   1.2742309570312499E-003 ,   1.9539862126111983E-004 ,   4.0097013772187796E-005 ,   5.8650402575523231E-002 ,           3
   4.74897957     ,   6.7160644531250003E-004 ,   1.8523770272731781E-004 ,   3.8910812131345475E-005 ,   2.3947142440988167E-002 ,           3
   4.66530609     ,   6.5274658203124997E-004 ,   1.9403773695230483E-004 ,   4.1500312874907324E-005 ,  -6.5966137647462730E-002 ,           3
   4.58163261     ,   5.0787353515624998E-004 ,   2.0056514292955398E-004 ,   4.3719613256667689E-005 ,   6.0186633191961825E-002 ,           3
   4.49795914     ,   5.3826904296875005E-004 ,   2.0829730778932571E-004 ,   4.6244877313131315E-005 ,   2.7885794086294546E-002 ,           3
   4.41428566     ,   4.2767333984374998E-004 ,   2.1561620384454727E-004 ,   4.8803659165883023E-005 ,   2.1088145930798108E-002 ,           3
   4.33061218     ,   9.3264160156250001E-004 ,   2.3872331380844116E-004 ,   5.4923757509790459E-005 ,  -5.0945709850169774E-003 ,           3
   4.24693871     ,   1.2510131835937500E-003 ,   2.4645091444253921E-004 ,   5.7661741254854754E-005 ,   5.1786498256537472E-003 ,           3
   4.16326523     ,   5.4368896484375000E-004 ,   2.1933131664991380E-004 ,   5.2611520858444694E-005 ,  -6.7435210209974672E-002 ,           3
   4.07959175     ,   5.0148925781250001E-004 ,   2.6146373450756070E-004 ,   6.4029015496567699E-005 ,   4.6818954751468800E-002 ,           3
   3.99591827     ,   1.3800048828125001E-004 ,   2.6146623641252516E-004 ,   6.5428565433900898E-005 ,   7.9571811575249729E-003 ,           3
   3.91224480     ,   6.6778564453125004E-004 ,   2.7980695217847822E-004 ,   7.1406833146610255E-005 ,  -3.0176643592142005E-002 ,           3
   3.82857132     ,   1.0039672851562501E-003 ,   3.2387885898351669E-004 ,   8.4331960364453072E-005 ,   9.5858428086326164E-004 ,           3
   3.74489784     ,   1.3048828125000001E-003 ,   3.1041762232780458E-004 ,   8.2436131605962085E-005 ,   4.0622211957238474E-002 ,           3
   3.66122437     ,   1.7024902343750000E-003 ,   3.0509693920612334E-004 ,   8.2540277525320629E-005 ,  -5.8347269711149785E-002 ,           3
   3.57755113     ,   6.0888671875000003E-005 ,   3.4499066174030306E-004 ,   9.6431032787547375E-005 ,   6.7176602958821219E-002 ,           3
   3.49387765     ,   3.1442749023437499E-003 ,   3.5239592939615252E-004 ,   9.8031328535952468E-005 , -0.11981298640456828      ,           3
   3.41020393     ,   2.3983032226562498E-003 ,   3.3826215118169784E-004 ,   9.7504519165336230E-005 ,   7.0845966653328762E-002 ,           3
   3.32653046     ,   1.3089477539062499E-003 ,   4.6222070306539535E-004 ,   1.3843473929257941E-004 ,   3.9347803716587304E-003 ,           3
   3.24285722     ,   3.1875610351562501E-003 ,   4.8582953065633773E-004 ,   1.4668205639784232E-004 ,   5.1306196853396213E-002 ,           3
   3.15918374     ,   2.8636352539062500E-003 ,   6.0200308114290234E-004 ,   1.8796079597200181E-004 ,   4.6441328818355609E-002 ,           3
   3.07551026     ,   2.8792114257812501E-003 ,   6.3432135134935377E-004 ,   2.0355370026830678E-004 ,  -6.5825446499565787E-002 ,           3
   2.99183679     ,   1.2515991210937500E-003 ,   7.0643435865640637E-004 ,   2.3559702120580037E-004 ,   9.8164755949228466E-002 ,           3
   2.90816331     ,   5.5231201171874996E-003 ,   9.5319779515266423E-004 ,   3.1727686447834662E-004 ,   9.3743280188142597E-002 ,           3
   2.82448983     ,   2.1007324218749999E-003 ,   1.1065353572368621E-003 ,   3.9020223351325461E-004 , -0.11171704114350778      ,           3
   2.74081635     ,   3.8491943359374998E-003 ,   1.2724835336208344E-003 ,   4.5886594394514490E-004 , -0.21850817582767212      ,           3
   2.65714288     ,   3.0580566406250001E-003 ,   2.1373659133911132E-003 ,   8.0086555753124122E-004 ,   4.4244274705168896E-002 ,           3
   2.57346940     ,   1.1944580078124999E-002 ,   2.1542226791381835E-003 ,   7.8164898489168136E-004 ,  -1.5920702066649417E-002 ,           3
   2.48979592     ,   1.3661328125000000E-002 ,   3.9802957832813261E-003 ,   1.5236846725860502E-003 ,  0.19432140261804454      ,           3
   2.40612245     ,   1.9859374999999999E-002 ,   1.8384334695339202E-002 ,   7.4767348699977349E-003 ,  0.36952672421204935      ,           3
   2.32244897     ,   3.4737426757812501E-003 ,   2.1831434413790702E-003 ,   9.3482205618612539E-004 , -0.18308185824217160      ,           3
   2.23877549     ,  0.71383916015625004      ,  0.51115488973855971      ,   7.0955892474125145E-004 ,  0.66252757154198516      ,           3
   2.15510225     ,  0.83441093749999995      ,  0.69620790635049346      ,  -1.5640217722999253E-005 ,  0.66643373049320198      ,           3
   2.07142854     ,  0.88320185546874996      ,  0.77989575142562384      ,  -7.2300868232149285E-005 ,  0.66662312517790046      ,           3
   1.98775530     ,  0.91617044677734372      ,  0.83915251346379516      ,  -1.0855162862827316E-004 ,  0.66670958724273899      ,           3
   1.90408158     ,  0.93789770507812498      ,  0.87941434562802312      ,  -1.2486836274058227E-004 ,  0.66672719912386014      ,           3
   1.82040811     ,  0.95411124267578129      ,  0.91006816893070941      ,  -1.4287701185623371E-004 ,  0.66674771692677681      ,           3
   1.73673487     ,  0.96605432128906255      ,  0.93298925515711306      ,  -1.5644099669771022E-004 ,  0.66675492910017153      ,           3
   1.65306115     ,  0.97527822265624997      ,  0.95088776660859586      ,  -1.6928893705241022E-004 ,  0.66675904238981221      ,           3
   1.56938791     ,  0.98230050048828121      ,  0.96462835847288375      ,  -1.8218236221412005E-004 ,  0.66676184014734607      ,           3
   1.48571444     ,  0.98757872314453121      ,  0.97502170560210943      ,  -1.9521168016889751E-004 ,  0.66676325172158979      ,           3
   1.40204072     ,  0.99156599121093747      ,  0.98290969319641586      ,  -2.0928188896749040E-004 ,  0.66676466979113314      ,           3
   1.31836748     ,  0.99452431640625005      ,  0.98878285675346855      ,  -2.2433743187680371E-004 ,  0.66676545695062717      ,           3
   1.23469377     ,  0.99661302490234371      ,  0.99294020643681291      ,  -2.4080058086603317E-004 ,  0.66676587574288360      ,           3
   1.15102053     ,  0.99812956542968745      ,  0.99596413204669954      ,  -2.5933277473542596E-004 ,  0.66676624618809677      ,           3
   1.06734705     ,  0.99909157714843755      ,  0.99788478116095070      ,  -2.8031967020318322E-004 ,  0.66676641361233457      ,           3
  0.983673573     ,  0.99965407714843746      ,  0.99900865611732004      ,  -3.0459071640405352E-004 ,  0.66676652364224265      ,           3
  0.900000095     ,   1.0000146484375001      ,  0.99972941284775729      ,  -3.3320469327245521E-004 ,  0.66676659058733401      ,           3
   5.00000000     ,   7.6611328125000006E-005 ,   1.7965180277824402E-004 ,   3.5929187231915994E-005 ,   6.3548020986188947E-002 ,           4
   4.91632652     ,   9.3587646484374995E-004 ,   1.7398582249879838E-004 ,   3.5211241404872592E-005 ,   2.1581613045169701E-002 ,           4
   4.83265305     ,   6.9897460937500000E-004 ,   1.8442251980304718E-004 ,   3.8060657698838714E-005 ,  -1.7600119980550666E-002 ,           4
   4.74897957     ,   7.5964355468749996E-005 ,   2.0440592020750046E-004 ,   4.3040857815327785E-005 ,   4.1339738930589176E-003 ,           4
   4.66530609     ,   1.6992187499999999E-004 ,   1.8645724654197692E-004 ,   3.9960588418172501E-005 ,   2.2161219192423642E-002 ,           4
   4.58163261     ,   4.3258056640624998E-004 ,   2.2582141906023025E-004 ,   4.9247574065505809E-005 ,  -3.6578368680471263E-002 ,           4
   4.49795914     ,   8.5323486328125000E-004 ,   1.9146710783243180E-004 ,   4.2405697115922684E-005 ,   3.3993242140033186E-002 ,           4
   4.41428566     ,   2.1333007812500001E-004 ,   2.0484284758567810E-004 ,   4.6394218093997177E-005 ,   3.4912921695852028E-002 ,           4
   4.33061218     ,   6.3693847656250005E-004 ,   2.2880810201168059E-004 ,   5.2741368124267596E-005 ,  -8.4469394845749779E-003 ,           4
   4.24693871     ,   7.6457519531249998E-004 ,   2.2495704591274262E-004 ,   5.2831577407064595E-005 ,   2.7558725134266271E-002 ,           4
   4.16326523     ,   1.2843139648437501E-003 ,   2.5283025354146956E-004 ,   6.0332641165787995E-005 ,  -3.5429014031356232E-003 ,           4
   4.07959175     ,   8.8917236328124995E-004 ,   2.3820811659097671E-004 ,   5.8196384335800832E-005 ,   5.4861114845462966E-002 ,           4
   3.99591827     ,   4.7985839843750001E-005 ,   2.6378891617059706E-004 ,   6.6014018179180812E-005 ,   4.9079659916663076E-002 ,           4
   3.91224480     ,   2.7095947265625000E-004 ,   2.7252788394689561E-004 ,   6.9641465721257843E-005 ,   7.1176531541849775E-002 ,           4
   3.82857132     ,   8.2406005859375002E-004 ,   2.7781036347150802E-004 ,   7.2385043709247748E-005 ,  -5.2856530730276408E-003 ,           4
   3.74489784     ,   9.0749511718749996E-004 ,   2.9771033823490143E-004 ,   7.9277671115863220E-005 ,  -6.4825812774168545E-002 ,           4
   3.66122437     ,   1.0108154296875000E-003 ,   2.9547726213932039E-004 ,   8.0425424307039540E-005 ,   7.3199587267627764E-002 ,           4
   3.57755113     ,   9.5610351562499998E-004 ,   3.9115713238716123E-004 ,   1.0908103888842966E-004 ,  -1.1594290778158767E-002 ,           4
   3.49387765     ,   1.2200195312500001E-003 ,   4.2705134153366091E-004 ,   1.2180246141428762E-004 , -0.13158720674371960      ,           4
   3.41020393     ,   1.7679321289062501E-003 ,   3.9887051731348036E-004 ,   1.1604729316729495E-004 ,   3.9849366059566904E-002 ,           4
   3.32653046     ,   2.4621582031249999E-005 ,   4.9617420583963391E-004 ,   1.4915649356715864E-004 ,  0.11653516793819385      ,           4
   3.24285722     ,   1.4689208984375000E-003 ,   5.9721425473690029E-004 ,   1.8349759522405377E-004 ,   1.2792188931592952E-003 ,           4
   3.15918374     ,   6.3497314453124997E-004 ,   5.6703527718782426E-004 ,   1.7936028680396246E-004 ,   2.5426029864741073E-002 ,           4
   3.07551026     ,   2.4234497070312502E-003 ,   5.5440780073404312E-004 ,   1.7835566995747919E-004 ,   5.3031850192894137E-002 ,           4
   2.99183679     ,   3.2064453124999999E-003 ,   6.7119344770908351E-004 ,   2.2090514333845580E-004 ,  -1.4628688711197491E-002 ,           4
   2.90816331     ,   2.3160278320312499E-003 ,   9.6488599926233289E-004 ,   3.2994089705725170E-004 ,   1.6966995748088354E-002 ,           4
   2.82448983     ,   1.6317138671875001E-003 ,   7.3961414694786076E-004 ,   2.6091495250246590E-004 ,  -3.7315708883391530E-002 ,           4
   2.74081635     ,   7.0570434570312503E-003 ,   1.0608873978257178E-003 ,   3.6889942358926323E-004 ,   4.3875275091306509E-002 ,           4
   2.65714288     ,   8.2498779296875002E-004 ,   1.3888832971453667E-003 ,   5.2244187166184970E-004 ,  0.11629369862284966      ,           4
   2.57346940     ,   1.0759399414062501E-002 ,   1.6792885601520538E-003 ,   6.0755489445029275E-004 ,   1.8773384928717607E-002 ,           4
   2.48979592     ,   8.8863891601562509E-003 ,   5.1676209315657615E-003 ,   2.0438032518894388E-003 ,  0.33556527243455492      ,           4
   2.40612245     ,   2.5838879394531250E-002 ,   5.1898822292685510E-003 ,   1.8794697943814724E-003 ,  0.26460484226127845      ,           4
   2.32244897     ,  0.10882788085937500      ,   2.4526325428485870E-002 ,   5.4609671751302477E-003 ,  0.27656450878552852      ,           4
   2.23877549     ,  0.72531589355468751      ,  0.52674939729273318      ,   2.9759653763478317E-004 ,  0.66470901271151150      ,           4
   2.15510225     ,  0.83006859130859378      ,  0.68904971525520087      ,   1.6634467061190549E-005 ,  0.66629931816565047      ,           4
   2.07142854     ,  0.88461347656250000      ,  0.78238269425630569      ,  -7.6424873447504752E-005 ,  0.66663676777333403      ,           4
   1.98775530     ,  0.91577242431640626      ,  0.83842733458429575      ,  -1.0655161877832201E-004 ,  0.66670357218067533      ,           4
   1.90408158     ,  0.93805391845703123      ,  0.87970352068096402      ,  -1.2690277589760804E-004 ,  0.66673292359335212      ,           4
   1.82040811     ,  0.95365944824218751      ,  0.90920864497423171      ,  -1.4156070137999013E-004 ,  0.66674457224034456      ,           4
   1.73673487     ,  0.96580073242187503      ,  0.93250011964440349      ,  -1.5600257516750751E-004 ,  0.66675404733937094      ,           4
   1.65306115     ,  0.97536384277343746      ,  0.95105462650358674      ,  -1.6938228340821799E-004 ,  0.66675919155150631      ,           4
   1.56938791     ,  0.98229492187500000      ,  0.96461763476133344      ,  -1.8203198092734953E-004 ,  0.66676151818129115      ,           4
   1.48571444     ,  0.98764770507812505      ,  0.97515783351659779      ,  -1.9529717696122842E-004 ,  0.66676336987904694      ,           4
   1.40204072     ,  0.99152071533203123      ,  0.98281997937411070      ,  -2.0923041308668817E-004 ,  0.66676460832312612      ,           4
   1.31836748     ,  0.99455657958984378      ,  0.98884696162492036      ,  -2.2438992913626600E-004 ,  0.66676552415429735      ,           4
   1.23469377     ,  0.99665211181640623      ,  0.99301807240694762      ,  -2.4083671368738948E-004 ,  0.66676590435987726      ,           4
   1.15102053     ,  0.99812739257812499      ,  0.99595980775058268      ,  -2.5932124241815469E-004 ,  0.66676623018237868      ,           4
   1.06734705     ,  0.99909774169921872      ,  0.99789708992689852      ,  -2.8032826495109507E-004 ,  0.66676642093493099      ,           4
  0.983673573     ,  0.99966874999999999      ,  0.99903798001706601      ,  -3.0460278069297989E-004 ,  0.66676652773988287      ,           4
  0.900000095     ,   1.0000079345703126      ,  0.99971599054336546      ,  -3.3319849149213095E-004 ,  0.66676658851503889      ,           4
   5.00000000     ,   9.9592285156249998E-004 ,   1.7225586473941802E-004 ,   3.4252800993037234E-005 ,  -4.6148695197461009E-003 ,           5
   4.91632652     ,   1.1336303710937500E-003 ,   1.7753357142210008E-004 ,   3.5849623719235096E-005 ,   5.4525670653269409E-002 ,           5
   4.83265305     ,   8.9083251953124998E-004 ,   2.0933782011270524E-004 ,   4.3153157176179744E-005 ,  -1.0138985943380474E-002 ,           5
   4.74897957     ,   2.1862792968750001E-005 ,   1.8742567449808121E-004 ,   3.9466415504598499E-005 ,  -1.4094980747016317E-002 ,           5
   4.66530609     ,   7.3549804687499999E-004 ,   1.9701535403728485E-004 ,   4.2113935605226988E-005 ,  -1.7124541326452025E-002 ,           5
   4.58163261     ,   7.7508544921874999E-004 ,   1.9342656880617142E-004 ,   4.2086702758157849E-005 ,  -3.2877765462662190E-003 ,           5
   4.49795914     ,   5.0260009765625002E-004 ,   1.9949770718812943E-004 ,   4.4296777433495711E-005 ,   1.9473648975346425E-002 ,           5
   4.41428566     ,   2.9237060546874997E-004 ,   2.1937713474035262E-004 ,   4.9677720110369608E-005 ,  -4.6050844190094198E-002 ,           5
   4.33061218     ,   5.5528564453124997E-004 ,   2.3127973824739456E-004 ,   5.3334583263972955E-005 ,   4.4410649913907307E-002 ,           5
   4.24693871     ,   7.7386474609375002E-004 ,   2.4411290138959884E-004 ,   5.7338721355228614E-005 ,  -4.8629671661168050E-002 ,           5
   4.16326523     ,   4.8371582031250001E-004 ,   2.5206058919429781E-004 ,   6.0487763881345370E-005 ,  -5.8238446126095189E-002 ,           5
   4.07959175     ,   1.8434326171875000E-003 ,   2.8714318871498110E-004 ,   6.9552289216071245E-005 ,  -4.7241429894164577E-002 ,           5
   3.99591827     ,   1.3893920898437500E-003 ,   2.7594963461160659E-004 ,   6.8574784019029031E-005 ,  -2.0016888907700370E-002 ,           5
   3.91224480     ,   5.9484863281250003E-004 ,   2.5533503293991087E-004 ,   6.5175161187115371E-005 ,   2.2146302380645300E-002 ,           5
   3.82857132     ,   7.4168701171874998E-004 ,   2.8011407405138014E-004 ,   7.3020446802188796E-005 ,   4.7074930850956154E-002 ,           5
   3.74489784     ,   2.0046630859375000E-003 ,   3.3217577636241911E-004 ,   8.7627781465789817E-005 ,  -7.7714056252301544E-002 ,           5
   3.66122437     ,   8.1303710937500001E-004 ,   3.0244494378566742E-004 ,   8.2427049890382206E-005 ,  -4.1146759752761941E-002 ,           5
   3.57755113     ,   1.2146606445312500E-003 ,   3.4879860132932665E-004 ,   9.7084062311395824E-005 ,   2.3028061375136910E-002 ,           5
   3.49387765     ,   2.1678466796875000E-004 ,   3.5354006737470624E-004 ,   1.0117500105270031E-004 ,  -3.1470103765691260E-002 ,           5
   3.41020393     ,   1.8643798828125001E-004 ,   4.6247891038656236E-004 ,   1.3560601154760136E-004 ,  -3.0522687554080719E-002 ,           5
   3.32653046     ,   2.9828247070312502E-003 ,   4.0911908298730848E-004 ,   1.2031209704185785E-004 ,  -5.7359003689530397E-002 ,           5
   3.24285722     ,   1.0077392578125000E-003 ,   5.9889122545719149E-004 ,   1.8436693994279739E-004 ,   6.5739791199442177E-002 ,           5
   3.15918374     ,   3.1848144531250000E-004 ,   6.1503079235553744E-004 ,   1.9464818422199715E-004 ,   6.4819469101021765E-003 ,           5
   3.07551026     ,   1.3368774414062501E-003 ,   5.9679754227399831E-004 ,   1.9346718149659538E-004 ,   7.1017877159369358E-002 ,           5
   2.99183679     ,   2.1759277343749999E-003 ,   6.7700423300266267E-004 ,   2.2470127787480487E-004 ,  -2.2605917872646986E-002 ,           5
   2.90816331     ,   4.0183837890624997E-003 ,   9.1359765827655787E-004 ,   3.0859692234569419E-004 ,   6.6025002163760282E-002 ,           5
   2.82448983     ,   3.9848632812500002E-004 ,   8.5877905189990999E-004 ,   3.0399126242524525E-004 ,  -1.8654541033943373E-002 ,           5
   2.74081635     ,   1.0802294921875000E-002 ,   1.8094133824110032E-003 ,   6.1759842736254728E-004 ,  0.13965349595309728      ,           5
   2.65714288     ,   1.4964843750000000E-003 ,   1.6627735823392868E-003 ,   6.2493219238669113E-004 ,  -1.9349300797440350E-002 ,           5
   2.57346940     ,   1.4709594726562501E-002 ,   1.5675876945257187E-003 ,   5.2505600285895882E-004 ,   7.2799082025253203E-002 ,           5
   2.48979592     ,   1.5687963867187502E-002 ,   4.5477632105350493E-003 ,   1.7277122785738775E-003 , -0.13562943883273015      ,           5
   2.40612245     ,   1.4988073730468751E-002 ,   8.1470332130789760E-003 ,   3.2925966541457546E-003 ,   3.2233738882382457E-002 ,           5
   2.32244897     ,   5.7923852539062501E-002 ,   2.8780780246853828E-002 ,   1.0947757092331166E-002 ,  0.37759424331308789      ,           5
   2.23877549     ,  0.71677473144531245      ,  0.51480441133379939      ,   4.6382304792989566E-004 ,  0.66377557983599988      ,           5
   2.15510225     ,  0.83202576904296877      ,  0.69232958017140622      ,   2.9093662959447841E-005 ,  0.66624905895690700      ,           5
   2.07142854     ,  0.88417778320312501      ,  0.78161135713160035      ,  -7.6756296284716212E-005 ,  0.66663823962893232      ,           5
   1.98775530     ,  0.91546507568359370      ,  0.83786892408877611      ,  -1.0432908853499782E-004 ,  0.66669684520691463      ,           5
   1.90408158     ,  0.93753356933593746      ,  0.87872788029015059      ,  -1.2673476315092170E-004 ,  0.66673282818556612      ,           5
   1.82040811     ,  0.95376063232421870      ,  0.90940110471993685      ,  -1.4185777992793873E-004 ,  0.66674529035729857      ,           5
   1.73673487     ,  0.96589582519531247      ,  0.93268382312953468      ,  -1.5599503110968961E-004 ,  0.66675395253386505      ,           5
   1.65306115     ,  0.97526724853515623      ,  0.95086664470285176      ,  -1.6911736660476292E-004 ,  0.66675865511631849      ,           5
   1.56938791     ,  0.98225463867187501      ,  0.96453870196342473      ,  -1.8190100560007094E-004 ,  0.66676126621312015      ,           5
   1.48571444     ,  0.98750091552734376      ,  0.97486795052736996      ,  -1.9526474171194892E-004 ,  0.66676342146106538      ,           5
   1.40204072     ,  0.99155079345703123      ,  0.98287960376590489      ,  -2.0924659017117249E-004 ,  0.66676461497720618      ,           5
   1.31836748     ,  0.99454562988281248      ,  0.98882523826658730      ,  -2.2434690007359603E-004 ,  0.66676545653007058      ,           5
   1.23469377     ,  0.99662977294921873      ,  0.99297356331795450      ,  -2.4082167327901598E-004 ,  0.66676589730342473      ,           5
   1.15102053     ,  0.99810507812500004      ,  0.99591528903841975      ,  -2.5929854627049074E-004 ,  0.66676621304476036      ,           5
   1.06734705     ,  0.99909605712890626      ,  0.99789372030347590      ,  -2.8033156797285406E-004 ,  0.66676642698706046      ,           5
  0.983673573     ,  0.99965937500000002      ,  0.99901924579143520      ,  -3.0459314788270996E-004 ,  0.66676652259893032      ,           5
  0.900000095     ,   1.0000050781250001      ,  0.99971028118431571      ,  -3.3319452621981255E-004 ,  0.66676658604101724      ,           5
   5.00000000     ,   1.5238037109375000E-004 ,   1.7332458347082139E-004 ,   3.4660273255143654E-005 ,  -1.8234573308340440E-002 ,           6
   4.91632652     ,   8.3287353515624997E-004 ,   1.7385247796773909E-004 ,   3.5221176038229777E-005 ,   4.8745016459076473E-002 ,           6
   4.83265305     ,   2.6378173828124998E-004 ,   1.7626612335443497E-004 ,   3.6459588547706160E-005 ,  -6.9554409110029525E-002 ,           6
   4.74897957     ,   6.0789794921874997E-004 ,   1.8510721474885940E-004 ,   3.8900499878329956E-005 ,   1.4553251452184113E-002 ,           6
   4.66530609     ,   3.3178710937500000E-004 ,   2.0137625634670256E-004 ,   4.3141044437017833E-005 ,   2.3543731284266123E-002 ,           6
   4.58163261     ,   2.9893798828125001E-004 ,   2.0721196979284285E-004 ,   4.5207161254418302E-005 ,  -1.4821270275717335E-002 ,           6
   4.49795914     ,   3.1540527343750001E-004 ,   1.9771881699562073E-004 ,   4.3935332670173247E-005 ,  -1.8690747063399016E-006 ,           6
   4.41428566     ,   2.3287353515624999E-004 ,   2.1669972687959671E-004 ,   4.9078266994603665E-005 ,   2.9854967515458020E-002 ,           6
   4.33061218     ,   8.2679443359375004E-004 ,   2.3845323175191881E-004 ,   5.4904395181458969E-005 ,   6.4982197233957040E-003 ,           6
   4.24693871     ,   3.1082763671875000E-004 ,   2.0323341637849807E-004 ,   4.7831347918555229E-005 ,  -1.6539112138442169E-002 ,           6
   4.16326523     ,   8.2839355468750000E-004 ,   2.4273970127105713E-004 ,   5.8140293298754311E-005 ,   2.8482580552761538E-002 ,           6
   4.07959175     ,   1.1847045898437500E-003 ,   2.2816839665174484E-004 ,   5.5585187412231131E-005 ,   1.2187947058034054E-002 ,           6
   3.99591827     ,   2.2976074218750001E-004 ,   2.3638345301151275E-004 ,   5.9143018956373844E-005 ,  -1.3209924907631843E-002 ,           6
   3.91224480     ,   4.0833740234375000E-004 ,   2.9639894515275957E-004 ,   7.5719239935445371E-005 ,  -3.3391167347034623E-002 ,           6
   3.82857132     ,   5.2229003906249999E-004 ,   2.6770691275596617E-004 ,   6.9852202527923273E-005 ,   3.6463567254241158E-002 ,           6
   3.74489784     ,   1.7375976562500001E-003 ,   3.1507646441459653E-004 ,   8.3328630050297646E-005 ,   3.5376850045295893E-002 ,           6
   3.66122437     ,   1.4494995117187500E-003 ,   3.5121250897645950E-004 ,   9.5353749371969717E-005 ,   6.2172653271193146E-002 ,           6
   3.57755113     ,   1.3118408203125001E-003 ,   3.4266593754291535E-004 ,   9.5301225578315075E-005 ,  -6.5755201802715213E-003 ,           6
   3.49387765     ,   6.1656494140625005E-004 ,   3.9362064450979234E-004 ,   1.1255130690382519E-004 ,   4.0605658236584685E-002 ,           6
   3.41020393     ,   1.6240844726562501E-003 ,   4.0044438093900681E-004 ,   1.1665188964186581E-004 ,  -3.3004112654676288E-002 ,           6
   3.32653046     ,   1.4239013671875000E-003 ,   3.8716431856155393E-004 ,   1.1577733715559355E-004 ,   5.5585791437781085E-002 ,           6
   3.24285722     ,   9.8940429687500000E-004 ,   5.2912810742855067E-004 ,   1.6286537731885573E-004 ,   9.5664207769093679E-002 ,           6
   3.15918374     ,   1.4154052734375000E-004 ,   5.4715399295091624E-004 ,   1.7318839900084214E-004 ,   2.6387141434940031E-002 ,           6
   3.07551026     ,   1.5723266601562500E-003 ,   6.8327312618494029E-004 ,   2.2136193941454447E-004 ,  0.10717495515803266      ,           6
   2.99183679     ,   7.8979492187500002E-005 ,   6.6576928794384008E-004 ,   2.2252651983768160E-004 ,  -7.9664867711545684E-002 ,           6
   2.90816331     ,   4.0723876953124996E-003 ,   9.3540996909141541E-004 ,   3.1594705203359972E-004 ,   2.6236470325019412E-002 ,           6
   2.82448983     ,   6.8192016601562504E-003 ,   1.2989324644207955E-003 ,   4.4341845171805554E-004 ,  0.10081416912265662      ,           6
   2.74081635     ,   9.0080444335937492E-003 ,   1.1142180606722831E-003 ,   3.7692172740790047E-004 ,  0.13337779422793949      ,           6
   2.65714288     ,   7.8718017578124997E-003 ,   1.7179743140935898E-003 ,   6.2322921068670419E-004 ,  0.15449575617411404      ,           6
   2.57346940     ,   2.0027099609374998E-003 ,   2.6316206991672518E-003 ,   1.0210379529238249E-003 ,   5.4883731076108999E-002 ,           6
   2.48979592     ,   1.6689770507812500E-002 ,   4.8750952959060673E-003 ,   1.8461540562534932E-003 ,  0.25763784954430524      ,           6
   2.40612245     ,   2.8089562988281250E-002 ,   2.8730953082442283E-003 ,   8.6615364276968496E-004 , -0.31985299595436079      ,           6
   2.32244897     ,  0.33369106445312502      ,  0.11720552691519261      ,   2.5213903123517778E-003 ,  0.60181339358374508      ,           6
   2.23877549     ,  0.73138170166015626      ,  0.53603913861960173      ,   5.0024894212240202E-004 ,  0.66365683099277728      ,           6
   2.15510225     ,  0.83584611816406251      ,  0.69860713692307475      ,  -1.4661172653365577E-005 ,  0.66642956373134155      ,           6
   2.07142854     ,  0.88342401123046876      ,  0.78028220566958184      ,  -7.5203150970531776E-005 ,  0.66663348189853655      ,           6
   1.98775530     ,  0.91562657470703124      ,  0.83816074012964958      ,  -1.0629284751553680E-004 ,  0.66670279042895242      ,           6
   1.90408158     ,  0.93759614257812496      ,  0.87884712525904174      ,  -1.2573059231752091E-004 ,  0.66672993968953365      ,           6
   1.82040811     ,  0.95381328124999998      ,  0.90950128609240055      ,  -1.4199530125318896E-004 ,  0.66674561456669634      ,           6
   1.73673487     ,  0.96627490234375002      ,  0.93341499386429783      ,  -1.5672688431028631E-004 ,  0.66675546100256111      ,           6
   1.65306115     ,  0.97536065673828121      ,  0.95104872742146251      ,  -1.6919112611459911E-004 ,  0.66675874965281312      ,           6
   1.56938791     ,  0.98249034423828130      ,  0.96500118768066168      ,  -1.8229326797289825E-004 ,  0.66676192751150087      ,           6
   1.48571444     ,  0.98761729736328130      ,  0.97509773195236926      ,  -1.9532293513737346E-004 ,  0.66676344629091133      ,           6
   1.40204072     ,  0.99169851074218751      ,  0.98317242455184461      ,  -2.0934602884150247E-004 ,  0.66676468517273113      ,           6
   1.31836748     ,  0.99446722412109378      ,  0.98866930164247746      ,  -2.2433670278265678E-004 ,  0.66676550121792388      ,           6
   1.23469377     ,  0.99659909667968749      ,  0.99291241842210298      ,  -2.4082172981885143E-004 ,  0.66676592194278395      ,           6
   1.15102053     ,  0.99809218749999995      ,  0.99588956029117104      ,  -2.5929552014828316E-004 ,  0.66676621872174180      ,           6
   1.06734705     ,  0.99905754394531254      ,  0.99781680014431473      ,  -2.8029868520433815E-004 ,  0.66676641092197664      ,           6
  0.983673573     ,  0.99965952148437498      ,  0.99901953878700733      ,  -3.0459301918830034E-004 ,  0.66676652230661071      ,           6
  0.900000095     ,   1.0000058837890624      ,  0.99971189204156397      ,  -3.3319505922872641E-004 ,  0.66676658603587025      ,           6
   5.00000000     ,   9.2224121093749997E-004 ,   1.6547077000141143E-004 ,   3.2924048720658542E-005 ,   8.3632426212669753E-002 ,           7
   4.91632652     ,   7.8754882812500000E-004 ,   1.7218120098114013E-004 ,   3.4896170806918596E-005 ,  -3.4533946349908584E-002 ,           7
   4.83265305     ,   8.4483642578124995E-004 ,   1.8800770193338394E-004 ,   3.8755927770878614E-005 ,   1.5997666236989838E-003 ,           7
   4.74897957     ,   7.1838378906250003E-005 ,   2.0612844675779341E-004 ,   4.3403701326467872E-005 ,   3.0146445250378018E-002 ,           7
   4.66530609     ,   1.2627563476562500E-003 ,   2.0245469957590103E-004 ,   4.3054013130177119E-005 ,   8.1702785736270656E-004 ,           7
   4.58163261     ,   5.8043212890625002E-004 ,   1.9637302309274675E-004 ,   4.2787394090569133E-005 ,  -7.9578601650827085E-002 ,           7
   4.49795914     ,   2.2842529296874998E-003 ,   2.2146333158016204E-004 ,   4.8076362532755604E-005 ,   2.0603241354396729E-002 ,           7
   4.41428566     ,   6.3171386718749995E-005 ,   2.2036125510931014E-004 ,   4.9919120501166622E-005 ,   1.8696628675660465E-002 ,           7
   4.33061218     ,   8.3519287109374998E-004 ,   2.0861332863569260E-004 ,   4.8010713654290431E-005 ,   6.4050502928773345E-002 ,           7
   4.24693871     ,   7.5433349609375000E-004 ,   2.2968877404928208E-004 ,   5.3949390655053670E-005 ,  -7.3091469039305856E-003 ,           7
   4.16326523     ,   1.5922851562500000E-004 ,   2.2297324836254121E-004 ,   5.3551210117905689E-005 ,   3.6349279304238591E-002 ,           7
   4.07959175     ,   1.2654663085937500E-003 ,   2.4345085173845291E-004 ,   5.9282757173677923E-005 ,   8.1266057843619177E-002 ,           7
   3.99591827     ,   3.4439697265624999E-004 ,   2.7382448166608813E-004 ,   6.8496366036214566E-005 ,   4.2668083859903061E-002 ,           7
   3.91224480     ,   2.4624023437499999E-004 ,   2.9207591712474825E-004 ,   7.4641361883469675E-005 ,   5.4260870487424673E-002 ,           7
   3.82857132     ,   1.1083740234375001E-003 ,   2.8004266321659090E-004 ,   7.2824602409575341E-005 ,   7.5499906263141181E-003 ,           7
   3.74489784     ,   4.1193847656250001E-004 ,   3.2191520035266874E-004 ,   8.5915693378173461E-005 , -0.16413428977074362      ,           7
   3.66122437     ,   2.5503662109375002E-003 ,   3.3618835508823395E-004 ,   9.0047471607220128E-005 ,  -5.9039966806695876E-002 ,           7
   3.57755113     ,   3.3366210937500001E-003 ,   3.8221404254436492E-004 ,   1.0372486218673368E-004 , -0.10630251597588791      ,           7
   3.49387765     ,   3.8414306640625000E-004 ,   3.8489556163549425E-004 ,   1.1012062747860400E-004 ,  -1.5800784689923297E-004 ,           7
   3.41020393     ,   3.9316406250000001E-004 ,   3.9449046850204467E-004 ,   1.1563410884904559E-004 ,   5.2870160182412862E-002 ,           7
   3.32653046     ,   4.5878906250000000E-004 ,   4.1361347734928132E-004 ,   1.2427452903175987E-004 ,   5.0576673886451373E-002 ,           7
   3.24285722     ,   9.4206542968749995E-004 ,   5.2425088882446290E-004 ,   1.6138958467901534E-004 ,   9.6332619615400183E-002 ,           7
   3.15918374     ,   6.5891113281250002E-004 ,   4.8222598731517794E-004 ,   1.5250516467611502E-004 ,   2.0777956130188291E-002 ,           7
   3.07551026     ,   7.2533691406250003E-003 ,   7.0178678929805761E-004 ,   2.1107893366471302E-004 ,   4.8576842312298751E-002 ,           7
   2.99183679     ,   7.6846557617187500E-003 ,   8.4423563033342362E-004 ,   2.6244134491683633E-004 ,   1.4894640328687814E-002 ,           7
   2.90816331     ,   3.3753662109374999E-004 ,   7.7660529464483260E-004 ,   2.6700404290688003E-004 ,  -9.9517609442703492E-002 ,           7
   2.82448983     ,   2.3232543945312500E-003 ,   1.0197482421994209E-003 ,   3.5912704776927231E-004 ,   6.7567888935150977E-002 ,           7
   2.74081635     ,   7.0775146484374999E-003 ,   1.5463020384311676E-003 ,   5.4589972013730946E-004 ,  -8.5307272495185549E-002 ,           7
   2.65714288     ,   9.3264892578125008E-003 ,   1.1040986180305482E-003 ,   3.8278529509845572E-004 ,  0.13029736199864284      ,           7
   2.57346940     ,   1.6443884277343751E-002 ,   2.6214822754263879E-003 ,   9.1358421180316729E-004 ,  0.22429637511304890      ,           7
   2.48979592     ,   1.8481079101562499E-002 ,   4.7127221971750262E-003 ,   1.7556346120184867E-003 ,  0.26043191109448638      ,           7
   2.40612245     ,   8.8395886230468748E-002 ,   1.2037808381021023E-002 ,   1.7555114906651250E-003 ,  0.34221550593984806      ,           7
   2.32244897     ,  0.31522204589843750      ,  0.12422876129150391      ,   1.0705863952012850E-002 ,  0.41639391437778339      ,           7
   2.23877549     ,  0.72908410644531252      ,  0.53236895501911641      ,   3.5971482313457381E-004 ,  0.66437311345481675      ,           7
   2.15510225     ,  0.82669420166015628      ,  0.68346640098839995      ,   1.9998090087534858E-005 ,  0.66628672599908989      ,           7
   2.07142854     ,  0.88235795898437497      ,  0.77842454653680326      ,  -6.3251638822603656E-005 ,  0.66659225692450730      ,           7
   1.98775530     ,  0.91614764404296878      ,  0.83911711018234492      ,  -1.0534269189896097E-004 ,  0.66669951356925439      ,           7
   1.90408158     ,  0.93777192382812502      ,  0.87917681183218954      ,  -1.2571377044222424E-004 ,  0.66672969831926654      ,           7
   1.82040811     ,  0.95387001953124995      ,  0.90960913537740706      ,  -1.4220920199844249E-004 ,  0.66674614246833819      ,           7
   1.73673487     ,  0.96607635498046873      ,  0.93303155496269463      ,  -1.5659770772500557E-004 ,  0.66675529942962752      ,           7
   1.65306115     ,  0.97529111328124996      ,  0.95091282473206518      ,  -1.6934092204548513E-004 ,  0.66675915328427049      ,           7
   1.56938791     ,  0.98228696289062500      ,  0.96460177461802954      ,  -1.8217475428893763E-004 ,  0.66676183455894134      ,           7
   1.48571444     ,  0.98763161621093754      ,  0.97512594257593155      ,  -1.9537184407573098E-004 ,  0.66676353393084564      ,           7
   1.40204072     ,  0.99157519531250005      ,  0.98292796702682972      ,  -2.0926705521844534E-004 ,  0.66676463414617859      ,           7
   1.31836748     ,  0.99454835205078129      ,  0.98883069609850649      ,  -2.2431414441482069E-004 ,  0.66676539614663022      ,           7
   1.23469377     ,  0.99659581298828126      ,  0.99290592815130951      ,  -2.4077737371589988E-004 ,  0.66676585111618647      ,           7
   1.15102053     ,  0.99809714355468748      ,  0.99589944025278088      ,  -2.5930704199491982E-004 ,  0.66676623250961842      ,           7
   1.06734705     ,  0.99907015380859376      ,  0.99784198041409256      ,  -2.8031353258646183E-004 ,  0.66676642199669112      ,           7
  0.983673573     ,  0.99966496582031250      ,  0.99903041664958003      ,  -3.0460026913831101E-004 ,  0.66676652746870668      ,           7
  0.900000095     ,   1.0000087768554689      ,  0.99971767472177742      ,  -3.3319894257707590E-004 ,  0.66676658838212011      ,           7
   5.00000000     ,   4.2248535156249998E-004 ,   1.7099774777889251E-004 ,   3.4163851290402575E-005 ,   3.4557643462369447E-002 ,           8
   4.91632652     ,   2.3648681640625000E-004 ,   1.7299022525548935E-004 ,   3.5175511779980592E-005 ,  -1.3239642396095430E-002 ,           8
   4.83265305     ,   2.1439208984375000E-004 ,   1.6770204156637191E-004 ,   3.4692347070616996E-005 ,   2.9291259820842797E-002 ,           8
   4.74897957     ,   6.9792480468749995E-004 ,   2.0513495504856109E-004 ,   4.3093017735906428E-005 ,   8.7750724348971687E-003 ,           8
   4.66530609     ,   1.1043701171874999E-004 ,   1.8555521816015244E-004 ,   3.9770814956177148E-005 ,   2.7277658705403107E-002 ,           8
   4.58163261     ,   9.4700927734375003E-004 ,   1.9718097001314162E-004 ,   4.2841528025872760E-005 ,   7.2301092928764854E-002 ,           8
   4.49795914     ,   1.4244384765625001E-003 ,   2.2335406541824340E-004 ,   4.9205656956198948E-005 ,   3.8966110741320281E-002 ,           8
   4.41428566     ,   4.4318847656249998E-004 ,   2.1464968621730804E-004 ,   4.8581646089910306E-005 ,   1.3029052783439687E-002 ,           8
   4.33061218     ,   1.7823120117187500E-003 ,   2.4078796356916427E-004 ,   5.4867837935570636E-005 ,   6.6441896476232998E-002 ,           8
   4.24693871     ,   1.7883300781249999E-005 ,   2.4195964485406875E-004 ,   5.6972643619599520E-005 ,  -8.6274917942197327E-004 ,           8
   4.16326523     ,   6.3093261718749996E-004 ,   2.6203842461109160E-004 ,   6.2844985856516306E-005 ,  -6.8839575515634577E-002 ,           8
   4.07959175     ,   3.8615722656250003E-004 ,   2.5268139541149141E-004 ,   6.1901360189985398E-005 ,   2.6419408932053523E-002 ,           8
   3.99591827     ,   9.7653808593749995E-004 ,   2.6878117322921754E-004 ,   6.7025283403449677E-005 ,  -2.0911203013903146E-002 ,           8
   3.91224480     ,   1.7121582031250001E-004 ,   2.5661062896251678E-004 ,   6.5584165768096652E-005 ,   3.7273862652226319E-002 ,           8
   3.82857132     ,   4.4553222656249999E-004 ,   2.7034736275672911E-004 ,   7.0561275920982559E-005 ,  -1.7260985598488432E-004 ,           8
   3.74489784     ,   1.3310791015624999E-003 ,   3.3401697576045992E-004 ,   8.8719427200201770E-005 ,   3.4439648963966785E-002 ,           8
   3.66122437     ,   2.7154541015624999E-004 ,   3.1647454351186753E-004 ,   8.6419400845662327E-005 ,   5.8727045083681761E-002 ,           8
   3.57755113     ,   1.1128417968750001E-003 ,   4.0565230250358582E-004 ,   1.1304209674760612E-004 ,  -9.6422513246392505E-003 ,           8
   3.49387765     ,   2.3570800781250001E-003 ,   3.5699791014194489E-004 ,   1.0058797759085289E-004 ,  -9.6235779574003200E-003 ,           8
   3.41020393     ,   8.0241699218750004E-004 ,   3.9077754020690918E-004 ,   1.1440185897451266E-004 ,  -3.5065073815496728E-003 ,           8
   3.32653046     ,   2.8026611328124998E-003 ,   3.7948602735996245E-004 ,   1.1171733944392944E-004 ,   2.5263826914139975E-002 ,           8
   3.24285722     ,   6.4635253906249997E-003 ,   4.9940782487392426E-004 ,   1.4111957894811917E-004 ,   7.0639495023284260E-002 ,           8
   3.15918374     ,   5.5299438476562497E-003 ,   5.6461816281080251E-004 ,   1.6904300043883518E-004 ,   3.9173985684205381E-002 ,           8
   3.07551026     ,   2.9807983398437501E-003 ,   6.6153950542211534E-004 ,   2.1221010247291625E-004 ,   6.8819198598202291E-003 ,           8
   2.99183679     ,   2.6900024414062500E-003 ,   7.0047314614057540E-004 ,   2.3170950135311232E-004 ,  -7.0217296983021482E-002 ,           8
   2.90816331     ,   3.9287597656249996E-003 ,   8.9907831549644471E-004 ,   3.0384922206748232E-004 ,   9.3725313934514998E-002 ,           8
   2.82448983     ,   2.1486450195312501E-003 ,   1.1380465790629386E-003 ,   4.0128657930779373E-004 ,  -8.5612387313923399E-002 ,           8
   2.74081635     ,   2.8189941406249999E-003 ,   1.4349516481161118E-003 ,   5.2064961275255083E-004 ,  0.10242702591612662      ,           8
   2.65714288     ,   1.5240844726562501E-003 ,   1.3383016631007194E-003 ,   5.0278772986528364E-004 ,  -4.0195489352314873E-002 ,           8
   2.57346940     ,   5.0446289062500002E-003 ,   2.9836436659097672E-003 ,   1.1494970450365044E-003 ,   6.6136218227865307E-002 ,           8
   2.48979592     ,   8.4986572265624994E-003 ,   4.2741256237030026E-003 ,   1.6876477295209914E-003 ,  0.19663066116480721      ,           8
   2.40612245     ,   5.1684643554687500E-002 ,   4.8692414760589603E-003 ,   9.1347764136137893E-004 ,  0.35081657831911695      ,           8
   2.32244897     ,  0.31437006835937498      ,  0.10553168309926987      ,   2.8862391414285261E-003 ,  0.60019339843595709      ,           8
   2.23877549     ,  0.73058308105468750      ,  0.53490279012322428      ,   5.1418812583671090E-004 ,  0.66364110261132803      ,           8
   2.15510225     ,  0.83226037597656255      ,  0.69277301538586622      ,   5.3678178244889006E-005 ,  0.66615197376195412      ,           8
   2.07142854     ,  0.88275859374999999      ,  0.77912092285454271      ,  -6.8460961159090312E-005 ,  0.66661017017938629      ,           8
   1.98775530     ,  0.91580867919921871      ,  0.83849141940027472      ,  -1.0771823228998885E-004 ,  0.66670720430159292      ,           8
   1.90408158     ,  0.93757183837890623      ,  0.87879982758313413      ,  -1.2663560586892946E-004 ,  0.66673252235407354      ,           8
   1.82040811     ,  0.95328463134765629      ,  0.90849379788786178      ,  -1.4161136497205866E-004 ,  0.66674501892444415      ,           8
   1.73673487     ,  0.96597694091796871      ,  0.93284041531234985      ,  -1.5606013758855729E-004 ,  0.66675404914715453      ,           8
   1.65306115     ,  0.97497662353515624      ,  0.95030002661794422      ,  -1.6901359524439319E-004 ,  0.66675864642654603      ,           8
   1.56938791     ,  0.98236337890625003      ,  0.96475188001096246      ,  -1.8219091236190422E-004 ,  0.66676180759837300      ,           8
   1.48571444     ,  0.98759836425781256      ,  0.97506037923395639      ,  -1.9529315281049158E-004 ,  0.66676340101930798      ,           8
   1.40204072     ,  0.99154291992187504      ,  0.98286390045881267      ,  -2.0931031800793237E-004 ,  0.66676474209596193      ,           8
   1.31836748     ,  0.99456152343750004      ,  0.98885682245790962      ,  -2.2436949771755159E-004 ,  0.66676548390248369      ,           8
   1.23469377     ,  0.99668194580078129      ,  0.99307751576155423      ,  -2.4085756300561500E-004 ,  0.66676591501420557      ,           8
   1.15102053     ,  0.99809387207031253      ,  0.99589291870892049      ,  -2.5929925424768725E-004 ,  0.66676622312930334      ,           8
   1.06734705     ,  0.99906763916015628      ,  0.99783696323186155      ,  -2.8030656967028547E-004 ,  0.66676641408313264      ,           8
  0.983673573     ,  0.99967633056640626      ,  0.99905312940329316      ,  -3.0460967518037001E-004 ,  0.66676653072133751      ,           8
  0.900000095     ,   1.0000055664062499      ,  0.99971125659644600      ,  -3.3319581018291869E-004 ,  0.66676658719108217      ,           8
   5.00000000     ,   5.5550537109375000E-004 ,   1.7132240086793901E-004 ,   3.4202763439785885E-005 ,  -7.0485832690627692E-003 ,           9
   4.91632652     ,   4.8908691406249997E-004 ,   1.7911773324012756E-004 ,   3.6384590965450562E-005 ,   3.2916499106060204E-002 ,           9
   4.83265305     ,   2.1020507812500000E-004 ,   1.8133152723312377E-004 ,   3.7513005466915323E-005 ,   5.3035294650299991E-002 ,           9
   4.74897957     ,   3.3680419921875001E-004 ,   1.8484322577714919E-004 ,   3.8898839284990525E-005 ,   2.5050979675800278E-004 ,           9
   4.66530609     ,   4.1770019531250002E-004 ,   1.8501733839511872E-004 ,   3.9620737579915848E-005 ,  -7.4390342420125322E-002 ,           9
   4.58163261     ,   2.2092529296874998E-003 ,   2.2544827461242677E-004 ,   4.8141676364987996E-005 ,   4.5537179608752476E-002 ,           9
   4.49795914     ,   6.6518554687500003E-004 ,   2.0408522784709930E-004 ,   4.5274477641365215E-005 ,  -6.7141542789275865E-002 ,           9
   4.41428566     ,   1.3188842773437499E-003 ,   2.3327190428972243E-004 ,   5.2450715551553896E-005 ,  -2.1443939391221356E-003 ,           9
   4.33061218     ,   1.9193115234375000E-004 ,   2.5506936460733415E-004 ,   5.8890640910921977E-005 ,   5.4622141816437986E-002 ,           9
   4.24693871     ,   4.9547119140625005E-004 ,   2.4922164529561999E-004 ,   5.8624852198011465E-005 ,   5.9248457283508693E-002 ,           9
   4.16326523     ,   5.9594726562499996E-004 ,   2.4054984152317046E-004 ,   5.7693822349225003E-005 ,  -2.2648674346630981E-002 ,           9
   4.07959175     ,   9.7760009765624997E-004 ,   2.3831851631402970E-004 ,   5.8182982324108293E-005 ,   3.8503573082702469E-002 ,           9
   3.99591827     ,   1.6650390624999999E-005 ,   2.3739906251430510E-004 ,   5.9410322295756756E-005 ,   6.9829309489021663E-002 ,           9
   3.91224480     ,   2.0745971679687501E-003 ,   2.7141398042440412E-004 ,   6.8275386113584389E-005 ,  -4.3008408523769859E-002 ,           9
   3.82857132     ,   5.7825927734374998E-004 ,   2.8088075965642929E-004 ,   7.3277044212438178E-005 ,   4.7992211087450554E-002 ,           9
   3.74489784     ,   1.7498291015625000E-003 ,   3.2532528042793273E-004 ,   8.6053980589489705E-005 ,   8.4768072188480148E-002 ,           9
   3.66122437     ,   1.0388183593750000E-004 ,   3.4697944223880767E-004 ,   9.4768478110518107E-005 ,  -2.1420407171170108E-002 ,           9
   3.57755113     ,   1.9755371093749998E-003 ,   3.6170055866241457E-004 ,   1.0001193404322001E-004 ,   2.2544783045276739E-002 ,           9
   3.49387765     ,   8.9952392578125000E-004 ,   3.6308565884828569E-004 ,   1.0368895395276050E-004 ,  -4.5339950672163454E-002 ,           9
   3.41020393     ,   2.6788330078125001E-004 ,   4.0354653447866441E-004 ,   1.1831397278851749E-004 ,   3.4915015745936695E-002 ,           9
   3.32653046     ,   3.0785522460937500E-003 ,   4.3119313567876815E-004 ,   1.2677342757748430E-004 ,   6.9565826480058934E-002 ,           9
   3.24285722     ,   2.9261352539062500E-003 ,   4.3224871307611463E-004 ,   1.3065219936885810E-004 ,   3.7929635886266522E-002 ,           9
   3.15918374     ,   2.3000122070312499E-003 ,   4.5941505283117294E-004 ,   1.4374757734234576E-004 ,  -4.2590154940681968E-002 ,           9
   3.07551026     ,   1.6555419921875001E-003 ,   6.0963023602962499E-004 ,   1.9732966764377384E-004 ,   2.3100595366053467E-003 ,           9
   2.99183679     ,   8.7990722656249997E-004 ,   7.6028351187705989E-004 ,   2.5386052250403663E-004 , -0.24505415333675740      ,           9
   2.90816331     ,   3.2214233398437501E-003 ,   9.7387951165437694E-004 ,   3.3130943401318803E-004 ,  0.11466587851363808      ,           9
   2.82448983     ,   4.3508056640625004E-003 ,   8.8232692778110499E-004 ,   3.0568259693915326E-004 ,  0.15289381644929800      ,           9
   2.74081635     ,   7.1715454101562498E-003 ,   1.3708117380738258E-003 ,   4.8138238877329847E-004 , -0.11957868346352796      ,           9
   2.65714288     ,   1.1197167968750000E-002 ,   1.6405647337436676E-003 ,   5.7023210249666475E-004 ,  0.23200114450250209      ,           9
   2.57346940     ,   1.1289709472656249E-002 ,   2.8580198898911476E-003 ,   1.0610432861586246E-003 ,  0.18445967679678921      ,           9
   2.48979592     ,   1.2801000976562499E-002 ,   3.5588467359542846E-003 ,   1.3635579801494885E-003 ,   1.9402395688261853E-002 ,           9
   2.40612245     ,   5.8309838867187498E-002 ,   1.2629580473899841E-002 ,   3.8358575695269085E-003 ,  0.20946226644345711      ,           9
   2.32244897     ,  0.16233370361328125      ,   3.0383231751620769E-002 ,   1.7356680022117712E-003 ,  0.51166821690092490      ,           9
   2.23877549     ,  0.74248975830078123      ,  0.55180924834758038      ,   2.3146901349275389E-004 ,  0.66514691775964541      ,           9
   2.15510225     ,  0.83520279541015630      ,  0.69752446740716700      ,  -1.8208905365141096E-005 ,  0.66644213025101684      ,           9
   2.07142854     ,  0.88399165039062499      ,  0.78127615973055364      ,  -7.9692941910906526E-005 ,  0.66664864469043450      ,           9
   1.98775530     ,  0.91569179687500002      ,  0.83828451698422435      ,  -1.0411234775640509E-004 ,  0.66669598785284545      ,           9
   1.90408158     ,  0.93728583984375002      ,  0.87826595866382118      ,  -1.2540791154212196E-004 ,  0.66672920533479219      ,           9
   1.82040811     ,  0.95403280029296877      ,  0.90991855013519529      ,  -1.4284373911599616E-004 ,  0.66674769238689802      ,           9
   1.73673487     ,  0.96604626464843746      ,  0.93297512331902976      ,  -1.5561507786216852E-004 ,  0.66675289347250533      ,           9
   1.65306115     ,  0.97505952148437502      ,  0.95046178113222124      ,  -1.6895278869322018E-004 ,  0.66675843941528767      ,           9
   1.56938791     ,  0.98245695800781252      ,  0.96493555960357191      ,  -1.8230976714348306E-004 ,  0.66676198887913740      ,           9
   1.48571444     ,  0.98756523437499999      ,  0.97499477610588070      ,  -1.9540501113034686E-004 ,  0.66676365472905896      ,           9
   1.40204072     ,  0.99157078857421876      ,  0.98291923143714666      ,  -2.0926447637646990E-004 ,  0.66676463294355814      ,           9
   1.31836748     ,  0.99452952880859380      ,  0.98879322670251135      ,  -2.2433576305672323E-004 ,  0.66676544954297912      ,           9
   1.23469377     ,  0.99666002197265624      ,  0.99303383143097157      ,  -2.4084350598666023E-004 ,  0.66676590924466350      ,           9
   1.15102053     ,  0.99814110107421872      ,  0.99598715400844817      ,  -2.5933825426282609E-004 ,  0.66676624539535001      ,           9
   1.06734705     ,  0.99907784423828128      ,  0.99785734925717118      ,  -2.8031144667219456E-004 ,  0.66676641288216820      ,           9
  0.983673573     ,  0.99968496093750003      ,  0.99907037944197652      ,  -3.0461495255374718E-004 ,  0.66676653074714032      ,           9
  0.900000095     ,   1.0000161621093751      ,  0.99973243911266330      ,  -3.3320594380662475E-004 ,  0.66676659087658119      ,           9
   5.00000000     ,   9.0258789062499993E-005 ,   1.7243690788745880E-004 ,   3.4485752761568912E-005 ,  -5.3004633519895483E-002 ,          10
   4.91632652     ,   2.5878906249999999E-005 ,   1.6242001056671141E-004 ,   3.3036728181729752E-005 ,  -2.2815297321157058E-003 ,          10
   4.83265305     ,   8.9311523437499997E-004 ,   1.7202458083629608E-004 ,   3.5431247290444564E-005 ,   6.4517927455969293E-003 ,          10
   4.74897957     ,   1.0801391601562499E-003 ,   1.8610246628522872E-004 ,   3.8942212176620180E-005 ,  -6.9069459569306879E-002 ,          10
   4.66530609     ,   2.0841430664062500E-003 ,   1.9467964917421342E-004 ,   4.0798180582686423E-005 ,   4.4393365217891168E-002 ,          10
   4.58163261     ,   3.5776367187500001E-004 ,   1.8663941323757171E-004 ,   4.0708505629161774E-005 ,  -4.8464229539106229E-002 ,          10
   4.49795914     ,   9.6169433593749996E-004 ,   2.2362259924411774E-004 ,   4.9510840423562643E-005 ,   3.8534368461514035E-002 ,          10
   4.41428566     ,   2.2487792968750001E-004 ,   2.3604115247726442E-004 ,   5.3460648765938208E-005 ,   8.4834227864071798E-002 ,          10
   4.33061218     ,   1.5314941406249999E-004 ,   2.1727066636085510E-004 ,   5.0165473701608292E-005 ,   7.0739209749442034E-002 ,          10
   4.24693871     ,   9.5454101562500004E-004 ,   2.0628757178783416E-004 ,   4.8358697342850097E-005 ,   5.5954906613138511E-002 ,          10
   4.16326523     ,   3.4732666015624999E-004 ,   2.1956666558980943E-004 ,   5.2710075908954695E-005 ,  -9.2514024355095037E-002 ,          10
   4.07959175     ,   2.3533813476562500E-003 ,   2.6692978292703630E-004 ,   6.4072925803994820E-005 ,  -3.4319582682442729E-003 ,          10
   3.99591827     ,   1.6949462890625001E-004 ,   2.5163349360227583E-004 ,   6.2965445137069150E-005 ,   2.2702728909875902E-002 ,          10
   3.91224480     ,   5.1181640625000001E-004 ,   2.4647937417030333E-004 ,   6.2935073905773597E-005 ,   9.4011155522234491E-003 ,          10
   3.82857132     ,   7.9154052734375002E-004 ,   2.5893656462430952E-004 ,   6.7469042506446497E-005 ,  -2.8302440371942739E-002 ,          10
   3.74489784     ,   1.4077270507812500E-003 ,   3.4043170064687730E-004 ,   9.0376295033654330E-005 ,   1.2711048756700372E-002 ,          10
   3.66122437     ,   8.2717285156250003E-004 ,   3.3984536826610568E-004 ,   9.2635995389876437E-005 ,  -5.4706820736394324E-003 ,          10
   3.57755113     ,   1.6909179687500000E-004 ,   3.1580920219421386E-004 ,   8.8267251823392123E-005 ,  -4.2500461687616786E-002 ,          10
   3.49387765     ,   9.6739501953125001E-004 ,   3.7239629477262497E-004 ,   1.0631753087931928E-004 ,   9.8168676423584511E-003 ,          10
   3.41020393     ,   1.3047851562500001E-003 ,   3.5670671164989470E-004 ,   1.0410059232785351E-004 ,   5.2349979078761599E-002 ,          10
   3.32653046     ,   2.7153320312500000E-003 ,   4.3475742042064667E-004 ,   1.2847752766774017E-004 , -0.11574148333651624      ,          10
   3.24285722     ,   1.3706542968750001E-003 ,   4.9654551744461063E-004 ,   1.5254042044693887E-004 ,   5.9248681722704477E-003 ,          10
   3.15918374     ,   2.7941040039062498E-003 ,   5.0196468979120260E-004 ,   1.5641941928289267E-004 ,  -2.0196251340685034E-003 ,          10
   3.07551026     ,   3.5908203125000000E-003 ,   6.3830048143863674E-004 ,   2.0335048130920301E-004 ,   7.4237670723549920E-002 ,          10
   2.99183679     ,   4.8842773437499998E-004 ,   7.0514996647834773E-004 ,   2.3561157632087358E-004 ,   3.1902597834223778E-002 ,          10
   2.90816331     ,   4.3548461914062501E-003 ,   7.3803693205118175E-004 ,   2.4725992585756309E-004 ,   1.9744820618747161E-002 ,          10
   2.82448983     ,   1.4320190429687500E-003 ,   8.3404391258955007E-004 ,   2.9456406419674621E-004 ,  -8.1483357067496431E-002 ,          10
   2.74081635     ,   4.5154663085937496E-003 ,   1.3660727486014366E-003 ,   4.9097903287366516E-004 ,  -1.8146192904610725E-002 ,          10
   2.65714288     ,   2.8961059570312502E-003 ,   9.5638334900140763E-004 ,   3.5677265658104332E-004 , -0.36705325938069278      ,          10
   2.57346940     ,   1.1984020996093751E-002 ,   2.4530243828892709E-003 ,   8.9739077159660255E-004 , -0.17524165781178569      ,          10
   2.48979592     ,   8.5516479492187495E-003 ,   3.8364520862698556E-003 ,   1.5114979334447188E-003 ,  0.15876992806180679      ,          10
   2.40612245     ,   1.2011840820312500E-002 ,   3.9055191993713381E-003 ,   1.5631934349301234E-003 ,  0.32898538705970859      ,          10
   2.32244897     ,  0.30093631591796877      ,  0.10742449500113725      ,   7.2603655600760719E-003 ,  0.48437332678245759      ,          10
   2.23877549     ,  0.70968944091796871      ,  0.50470752171725031      ,   4.6830025938133509E-004 ,  0.66360185336007116      ,          10
   2.15510225     ,  0.82950128173828130      ,  0.68820011087805033      ,   5.9270723619876015E-005 ,  0.66613384350566229      ,          10
   2.07142854     ,  0.88423272705078126      ,  0.78174559721499681      ,  -5.8857147930127352E-005 ,  0.66657597503419641      ,          10
   1.98775530     ,  0.91456496582031255      ,  0.83622583925426008      ,  -1.0224469929232376E-004 ,  0.66669096693220253      ,          10
   1.90408158     ,  0.93809176025390628      ,  0.87977529175728564      ,  -1.2649609553029421E-004 ,  0.66673172522688051      ,          10
   1.82040811     ,  0.95375129394531255      ,  0.90938312117457387      ,  -1.4195142718621866E-004 ,  0.66674554348172621      ,          10
   1.73673487     ,  0.96619328613281252      ,  0.93325827409923079      ,  -1.5615053481246927E-004 ,  0.66675410218476494      ,          10
   1.65306115     ,  0.97539591064453124      ,  0.95111736108213663      ,  -1.6927468531155362E-004 ,  0.66675891603657722      ,          10
   1.56938791     ,  0.98221110839843750      ,  0.96445304140746591      ,  -1.8199456107766127E-004 ,  0.66676150440774862      ,          10
   1.48571444     ,  0.98746745605468755      ,  0.97480195740759368      ,  -1.9520532218348462E-004 ,  0.66676332775223324      ,          10
   1.40204072     ,  0.99154816894531250      ,  0.98287427734434607      ,  -2.0933343150970611E-004 ,  0.66676478207001910      ,          10
   1.31836748     ,  0.99452412109374999      ,  0.98878253023326401      ,  -2.2429042994415635E-004 ,  0.66676537347319331      ,          10
   1.23469377     ,  0.99665910644531253      ,  0.99303201408684250      ,  -2.4083735544298552E-004 ,  0.66676589985280166      ,          10
   1.15102053     ,  0.99812514648437500      ,  0.99595532237291340      ,  -2.5932263884676350E-004 ,  0.66676623412112945      ,          10
   1.06734705     ,  0.99906940917968745      ,  0.99784050600826735      ,  -2.8030091564760866E-004 ,  0.66676640461126957      ,          10
  0.983673573     ,  0.99968400878906249      ,  0.99906847877502436      ,  -3.0461187319036023E-004 ,  0.66676652746850285      ,          10
  0.900000095     ,   1.0000118041992188      ,  0.99972372909933327      ,  -3.3319935618804857E-004 ,  0.66676658645795739      ,          10
