 Temperature AverEnergy AverEnergy^2 C_v
   5.00000000     -0.10684348999994728        1.6212745633090005E-002   1.9188858469081882E-004
   4.94999981     -0.10763466333326795        1.6243052299759992E-002   1.9009620494840688E-004
   4.90000010     -0.10940171999997045        1.6772267466427217E-002   2.0006374768307029E-004
   4.84999990     -0.10710979666661337        1.6391346499759724E-002   2.0911203778617532E-004
   4.80000019     -0.11118299666661979        1.7144282033090912E-002   2.0757912772911128E-004
   4.75000000     -0.11039350999995895        1.6861286366426149E-002   2.0718269600509035E-004
   4.69999981     -0.11406631666663672        1.7947561299752533E-002   2.2346930636957824E-004
   4.65000010     -0.11205282666669153        1.7353769599757617E-002   2.2189538942379711E-004
   4.59999990     -0.11272362333324187        1.7649158966418131E-002   2.3357959553546505E-004
   4.55000019     -0.11555339000003269        1.8211454699753753E-002   2.3469958789762275E-004
   4.50000000     -0.11571077999993379        1.8387625199756400E-002   2.4684645080523938E-004
   4.44999981     -0.11871975333332740        1.8818997266419175E-002   2.3858692296611794E-004
   4.40000010     -0.12058428333331986        1.9396082166418534E-002   2.5080126602561136E-004
   4.34999990     -0.11926679000004163        1.9056380433092469E-002   2.5534750831066147E-004
   4.30000019     -0.12396129333332270        2.0270296533086297E-002   2.6521870744958498E-004
   4.25000000     -0.12287729999999221        1.9916919999745722E-002   2.6674542814673902E-004
   4.19999981     -0.12652339000003557        2.1023669566420558E-002   2.8432550174622143E-004
   4.15000010     -0.12725269666669906        2.1198672299754504E-002   2.9063277793709580E-004
   4.09999990     -0.12687250000003419        2.0962792666417034E-002   2.8948016040731639E-004
   4.05000019     -0.12861625999995466        2.1332579333084672E-002   2.9205526295281848E-004
   4.00000000     -0.13099990000003167        2.2015174199765137E-002   3.0338752498417746E-004
   3.94999981     -0.12928492333331568        2.1607967833075538E-002   3.1362771789232580E-004
   3.90000010     -0.13312794333334177        2.2568588899770255E-002   3.1857586683978916E-004
   3.84999990     -0.13685478333338688        2.3716622833109904E-002   3.3647437779671120E-004
   3.79999995     -0.13712046666662969        2.3777637999782813E-002   3.4457173707567746E-004
   3.75000000     -0.13915887333330174        2.4155039399771108E-002   3.4061141263721741E-004
   3.69999981     -0.14325164666664514        2.5455500399786422E-002   3.6044315391379637E-004
   3.65000010     -0.14130035999997784        2.5006035133130208E-002   3.7832563897070799E-004
   3.59999990     -0.14654264999996416        2.6517690233149562E-002   3.8911592337333856E-004
   3.54999995     -0.14611638666665933        2.6347715066459575E-002   3.9656550986700537E-004
   3.50000000     -0.14890524999995236        2.7362892166447335E-002   4.2368318826598359E-004
   3.44999981     -0.15122705333331624        2.7733474066468998E-002   4.0864129204165812E-004
   3.40000010     -0.15277541333324104        2.8313594933081374E-002   4.3021345511531835E-004
   3.34999990     -0.15510154999999218        2.9234620833107891E-002   4.6140616228274478E-004
   3.29999995     -0.15633689666662845        2.9607346299751355E-002   4.7439130941105402E-004
   3.25000000     -0.16047693999992019        3.0722600866416965E-002   4.7050916455200893E-004
   3.19999981     -0.16164113333322663        3.1266843533045013E-002   5.0185436757968439E-004
   3.15000010     -0.16392783666649033        3.1967900166356672E-002   5.1353628480733200E-004
   3.09999990     -0.16623431666652042        3.2687934433034943E-002   5.2591957790554147E-004
   3.04999995     -0.16834104666649805        3.3300692866345356E-002   5.3340336400176027E-004
   3.00000000     -0.16935181999982582        3.3790028466351631E-002   5.6777665664690155E-004
   2.95000005     -0.16973859666649985        3.3785263766354656E-002   5.7156826529814809E-004
   2.89999986     -0.17313868333313101        3.4991815766299179E-002   5.9629157764210427E-004
   2.84999990     -0.17806890999985553        3.7061734632932303E-002   6.5905794210969972E-004
   2.79999995     -0.18210497999980677        3.8274971866247898E-002   6.5213623428047305E-004
   2.75000000     -0.18419484333313055        3.9122541632873716E-002   6.8691592595675048E-004
   2.70000005     -0.18515464999980624        3.9299840966179396E-002   6.8828481264776326E-004
   2.64999986     -0.18564574333303197        3.9815469566205165E-002   7.6199751423950194E-004
   2.59999990     -0.18748806333310009        4.0216387632839010E-002   7.4920323524386035E-004
   2.54999995     -0.18920797666645392        4.0989832699525421E-002   7.9818141729047260E-004
   2.50000000     -0.19505021666636574        4.3300249499465107E-002   8.4090605597878269E-004
   2.45000005     -0.19856491666636683        4.4607923366091901E-002   8.6295654261003352E-004
   2.39999986     -0.20182257333313619        4.6059466399419012E-002   9.2484652844730892E-004
   2.34999990     -0.20703034333300330        4.8311418032754225E-002   9.8684568161292461E-004
   2.29999995     -0.21581374333306283        5.1934155499401738E-002   1.0129648894672493E-003
   2.25000000     -0.21569033333297896        5.1767549866068213E-002   1.0360948171568691E-003
   2.20000005     -0.21772964333314329        5.2794609832746808E-002   1.1133082537348815E-003
   2.14999986     -0.22091704333303350        5.4242704232730081E-002   1.1764987055507918E-003
   2.09999990     -0.22492732333318025        5.5824725766106323E-002   1.1864910447734009E-003
   2.04999995     -0.22671197999994980        5.6932377266097109E-002   1.3168484208760157E-003
   2.00000000     -0.23616087666652721        6.1077857832767236E-002   1.3264745412161390E-003
   1.95000005     -0.23486488666660199        6.0387976732830931E-002   1.3744802162665877E-003
   1.89999986     -0.23957066999983206        6.2977837632851252E-002   1.5467401670984156E-003
   1.84999990     -0.24188240999989249        6.4173152232853553E-002   1.6555303760015547E-003
   1.79999995     -0.24906623999993721        6.7578661132874168E-002   1.7113177987721660E-003
   1.75000000     -0.25507780666676266        7.0670946932895190E-002   1.8306154696433555E-003
   1.70000005     -0.25482096333334747        7.0496066032889645E-002   1.9246858650331480E-003
   1.64999986     -0.26042590000004601        7.3390270332922419E-002   2.0454075995138643E-003
   1.59999990     -0.26283259000009046        7.4780717432870097E-002   2.2264642075324288E-003
   1.54999995     -0.26848439333350660        7.8043458332994559E-002   2.4805784606073316E-003
   1.50000000     -0.27683457333353440        8.2460563399611025E-002   2.5880812625386188E-003
   1.45000005     -0.28072150333355289        8.4568860632960458E-002   2.7416397407372091E-003
   1.39999986     -0.28450101666696942        8.6635022566253342E-002   2.9052017131937233E-003
   1.34999990     -0.28635846666707554        8.7828729199563652E-002   3.1975627393233657E-003
   1.29999995     -0.28812418000039025        8.8893702066285968E-002   3.4782006603821763E-003
   1.25000000     -0.29707676000029271        9.4292136733177156E-002   3.8640229300771251E-003
   1.20000005     -0.29821859333388168        9.4797133533200004E-002   4.0713915968838077E-003
   1.14999986     -0.30840812666704404       0.10139018239985099        4.7445073543914106E-003
   1.09999990     -0.31063487333389206       0.10274480846656826        5.1659379680658165E-003
   1.04999995     -0.31157164333377102       0.10328386170001272        5.6299078375704262E-003
   1.00000000     -0.31944504666698031       0.10849842699993896        6.4532891598697295E-003
  0.949999809     -0.32470751666695336       0.11194710963321097        7.2156675877473701E-003
  0.900000095     -0.32098156000057121       0.10951805266661015        8.0109753967291183E-003
