 Temperature InterPos InterNeg InterPN IdealR MeasuredR Rho
   5.00000000       15.0000000       17.0000000       368.000000       159.576904       58.5690193      0.632973135    
   4.94999981       11.0000000       5.00000000       384.000000       159.576904       61.1154976      0.617015421    
   4.90000010       15.0000000       9.00000000       376.000000       159.576904       59.8422585      0.624994278    
   4.84999990       18.0000000       14.0000000       368.000000       159.576904       58.5690193      0.632973135    
   4.80000019       10.0000000       16.0000000       374.000000       159.576904       59.5239487      0.626988947    
   4.75000000       16.0000000       15.0000000       369.000000       159.576904       58.7281723      0.631975710    
   4.69999981       26.0000000       23.0000000       351.000000       159.576904       55.8633842      0.649928093    
   4.65000010       11.0000000       13.0000000       376.000000       159.576904       59.8422585      0.624994278    
   4.59999990       23.0000000       21.0000000       356.000000       159.576904       56.6591568      0.644941390    
   4.55000019       13.0000000       9.00000000       378.000000       159.576904       60.1605682      0.622999549    
   4.50000000       13.0000000       12.0000000       375.000000       159.576904       59.6831017      0.625991583    
   4.44999981       7.00000000       18.0000000       375.000000       159.576904       59.6831017      0.625991583    
   4.40000010       9.00000000       15.0000000       376.000000       159.576904       59.8422585      0.624994278    
   4.34999990       17.0000000       11.0000000       372.000000       159.576904       59.2056389      0.628983617    
   4.30000019       18.0000000       15.0000000       367.000000       159.576904       58.4098625      0.633970439    
   4.25000000       19.0000000       21.0000000       360.000000       159.576904       57.2957764      0.640951931    
   4.19999981       16.0000000       11.0000000       373.000000       159.576904       59.3647919      0.627986312    
   4.15000010       14.0000000       10.0000000       376.000000       159.576904       59.8422585      0.624994278    
   4.09999990       14.0000000       14.0000000       372.000000       159.576904       59.2056389      0.628983617    
   4.05000019       18.0000000       12.0000000       370.000000       159.576904       58.8873291      0.630978346    
   4.00000000       9.00000000       16.0000000       375.000000       159.576904       59.6831017      0.625991583    
   3.94999981       13.0000000       12.0000000       375.000000       159.576904       59.6831017      0.625991583    
   3.90000010       10.0000000       14.0000000       376.000000       159.576904       59.8422585      0.624994278    
   3.84999990       21.0000000       18.0000000       361.000000       159.576904       57.4549332      0.639954567    
   3.79999995       16.0000000       21.0000000       363.000000       159.576904       57.7732430      0.637959898    
   3.75000000       15.0000000       17.0000000       368.000000       159.576904       58.5690193      0.632973135    
   3.69999981       16.0000000       15.0000000       369.000000       159.576904       58.7281723      0.631975710    
   3.65000010       21.0000000       19.0000000       360.000000       159.576904       57.2957764      0.640951931    
   3.59999990       17.0000000       10.0000000       373.000000       159.576904       59.3647919      0.627986312    
   3.54999995       18.0000000       14.0000000       368.000000       159.576904       58.5690193      0.632973135    
   3.50000000       18.0000000       17.0000000       365.000000       159.576904       58.0915527      0.635965168    
   3.44999981       11.0000000       11.0000000       378.000000       159.576904       60.1605682      0.622999549    
   3.40000010       17.0000000       10.0000000       373.000000       159.576904       59.3647919      0.627986312    
   3.34999990       13.0000000       13.0000000       374.000000       159.576904       59.5239487      0.626988947    
   3.29999995       8.00000000       12.0000000       380.000000       159.576904       60.4788780      0.621004820    
   3.25000000       15.0000000       16.0000000       369.000000       159.576904       58.7281723      0.631975710    
   3.19999981       12.0000000       16.0000000       372.000000       159.576904       59.2056389      0.628983617    
   3.15000010       21.0000000       18.0000000       361.000000       159.576904       57.4549332      0.639954567    
   3.09999990       19.0000000       18.0000000       363.000000       159.576904       57.7732430      0.637959898    
   3.04999995       20.0000000       21.0000000       359.000000       159.576904       57.1366234      0.641949296    
   3.00000000       18.0000000       16.0000000       366.000000       159.576904       58.2507057      0.634967864    
   2.95000005       17.0000000       21.0000000       362.000000       159.576904       57.6140862      0.638957202    
   2.89999986       14.0000000       19.0000000       367.000000       159.576904       58.4098625      0.633970439    
   2.84999990       22.0000000       14.0000000       364.000000       159.576904       57.9323959      0.636962533    
   2.79999995       26.0000000       23.0000000       351.000000       159.576904       55.8633842      0.649928093    
   2.75000000       19.0000000       19.0000000       362.000000       159.576904       57.6140862      0.638957202    
   2.70000005       20.0000000       23.0000000       357.000000       159.576904       56.8183136      0.643944025    
   2.64999986       23.0000000       18.0000000       359.000000       159.576904       57.1366234      0.641949296    
   2.59999990       19.0000000       18.0000000       363.000000       159.576904       57.7732430      0.637959898    
   2.54999995       18.0000000       20.0000000       362.000000       159.576904       57.6140862      0.638957202    
   2.50000000       10.0000000       17.0000000       373.000000       159.576904       59.3647919      0.627986312    
   2.45000005       20.0000000       25.0000000       355.000000       159.576904       56.5000038      0.645938754    
   2.39999986       12.0000000       13.0000000       375.000000       159.576904       59.6831017      0.625991583    
   2.34999990       17.0000000       14.0000000       369.000000       159.576904       58.7281723      0.631975710    
   2.29999995       25.0000000       15.0000000       360.000000       159.576904       57.2957764      0.640951931    
   2.25000000       26.0000000       21.0000000       353.000000       159.576904       56.1816940      0.647933424    
   2.20000005       21.0000000       13.0000000       366.000000       159.576904       58.2507057      0.634967864    
   2.14999986       23.0000000       24.0000000       353.000000       159.576904       56.1816940      0.647933424    
   2.09999990       17.0000000       20.0000000       363.000000       159.576904       57.7732430      0.637959898    
   2.04999995       18.0000000       19.0000000       363.000000       159.576904       57.7732430      0.637959898    
   2.00000000       11.0000000       13.0000000       376.000000       159.576904       59.8422585      0.624994278    
   1.95000005       21.0000000       17.0000000       362.000000       159.576904       57.6140862      0.638957202    
   1.89999986       18.0000000       16.0000000       366.000000       159.576904       58.2507057      0.634967864    
   1.84999990       15.0000000       14.0000000       371.000000       159.576904       59.0464821      0.629981041    
   1.79999995       25.0000000       15.0000000       360.000000       159.576904       57.2957764      0.640951931    
   1.75000000       19.0000000       21.0000000       360.000000       159.576904       57.2957764      0.640951931    
   1.70000005       15.0000000       27.0000000       358.000000       159.576904       56.9774666      0.642946661    
   1.64999986       17.0000000       22.0000000       361.000000       159.576904       57.4549332      0.639954567    
   1.59999990       23.0000000       27.0000000       350.000000       159.576904       55.7042274      0.650925517    
   1.54999995       39.0000000       29.0000000       332.000000       159.576904       52.8394394      0.668877900    
   1.50000000       18.0000000       22.0000000       360.000000       159.576904       57.2957764      0.640951931    
   1.45000005       12.0000000       17.0000000       371.000000       159.576904       59.0464821      0.629981041    
   1.39999986       19.0000000       18.0000000       363.000000       159.576904       57.7732430      0.637959898    
   1.34999990       31.0000000       28.0000000       341.000000       159.576904       54.2718353      0.659901679    
   1.29999995       15.0000000       25.0000000       360.000000       159.576904       57.2957764      0.640951931    
   1.25000000       14.0000000       24.0000000       362.000000       159.576904       57.6140862      0.638957202    
   1.20000005       23.0000000       20.0000000       357.000000       159.576904       56.8183136      0.643944025    
   1.14999986       18.0000000       16.0000000       366.000000       159.576904       58.2507057      0.634967864    
   1.09999990       20.0000000       20.0000000       360.000000       159.576904       57.2957764      0.640951931    
   1.04999995       18.0000000       23.0000000       359.000000       159.576904       57.1366234      0.641949296    
   1.00000000       20.0000000       18.0000000       362.000000       159.576904       57.6140862      0.638957202    
  0.949999809       25.0000000       27.0000000       348.000000       159.576904       55.3859177      0.652920187    
  0.900000095       25.0000000       24.0000000       351.000000       159.576904       55.8633842      0.649928093    
