0.00302074725274825 5.07436969752166e-06
0.00302074725274725 5.07436969752134e-06
0.00302074725274725 5.07436969752207e-06
0.00279557242981741 4.99225944284315e-06
0.00279557242757467 4.99225944284365e-06
0.00290147052841473 4.77278785163768e-06
0.00321425773913926 4.99116837431534e-06
0.00324612787181013 4.94607399705974e-06
0.00257773026973027 4.2595431052359e-06
0.00260716683287335 5.28388017929251e-06
0.00223394006366112 3.79668876233499e-06
0.00218551448599729 5.38108947296521e-06
0.00265204794739663 6.27776356538951e-06
0.0041985014985015 1.0416770091956e-05
0.00497989010209969 1.19942053904881e-05
0.00545861937584646 1.32577376793966e-05
0.00653502096828929 1.58077192716396e-05
0.00699160838705623 1.74808986231535e-05
0.00720354245542948 1.71086014099172e-05
