Temperatura MagneticField Magnetization Magnetization2
0.8 0.002475 0.003103202 7.05877e-05
0.8 0.00495 0.006205223 9.937604e-05
0.8 0.007425 0.00926942 0.0001467372
0.8 0.0099 0.01236262 0.0002134476
0.8 0.012375 0.0154859 0.000300478
0.8 0.01485 0.01861214 0.0004074333
0.8 0.017325 0.02161205 0.0005279306
0.8 0.0198 0.02474435 0.000673349
0.8 0.022275 0.02781236 0.0008346294
0.8 0.02475 0.03089361 0.001015214
0.8 0.027225 0.03402747 0.00121875
0.8 0.0297 0.03711919 0.001438905
0.8 0.032175 0.0402102 0.001677904
0.8 0.03465 0.04325476 0.00193123
0.8 0.037125 0.04639588 0.002213141
0.8 0.0396 0.04947579 0.002509006
0.8 0.042075 0.05254061 0.002821369
0.8 0.04455 0.05559584 0.003151532
0.8 0.047025 0.05873606 0.003511095
0.8 0.0495 0.06180461 0.003880964
0.8 0.051975 0.06488138 0.004270086
0.8 0.05445 0.06798938 0.004683659
0.8 0.056925 0.07110614 0.005116866
0.8 0.0594 0.07408287 0.005548811
0.8 0.061875 0.07719524 0.006020025
0.8 0.06435 0.08025106 0.006500774
0.8 0.066825 0.08336689 0.007010625
0.8 0.0693 0.08642715 0.007530042
0.8 0.071775 0.0895098 0.008072608
0.8 0.07425 0.0925583 0.008627412
0.8 0.076725 0.09564473 0.009208227
0.8 0.0792 0.09868476 0.009799264
0.8 0.081675 0.101735 0.01041064
0.8 0.08415 0.1047413 0.01103099
0.8 0.086625 0.1078666 0.0116955
0.8 0.0891 0.1108993 0.01235919
0.8 0.091575 0.1140062 0.01305762
0.8 0.09405 0.1170394 0.01375844
0.8 0.096525 0.1201091 0.01448663
0.8 0.099 0.1230962 0.01521289
0.8 0.102475 0.1273246 0.0162713
0.8 0.10495 0.1304457 0.01707604
0.8 0.107425 0.1335089 0.01788438
0.8 0.1099 0.1365289 0.01870027
0.8 0.112375 0.1395353 0.01953
0.8 0.11485 0.1425699 0.02038551
0.8 0.117325 0.1456198 0.02126475
0.8 0.1198 0.148641 0.02215405
0.8 0.122275 0.1516449 0.02305592
0.8 0.12475 0.1547059 0.02399353
0.8 0.127225 0.157718 0.02493447
0.8 0.1297 0.160719 0.02588975
0.8 0.132175 0.1637415 0.02687046
0.8 0.13465 0.1667921 0.02787819
0.8 0.137125 0.1697406 0.02887147
0.8 0.1396 0.1727459 0.02990052
0.8 0.142075 0.175743 0.0309447
0.8 0.14455 0.1787481 0.03201046
0.8 0.147025 0.181727 0.03308397
0.8 0.1495 0.1847414 0.03418814
0.8 0.151975 0.1877474 0.03530811
0.8 0.15445 0.1906505 0.03640653
0.8 0.156925 0.1937053 0.03758057
0.8 0.1594 0.1966396 0.03872602
0.8 0.161875 0.1996742 0.0399282
0.8 0.16435 0.2025868 0.04109985
0.8 0.166825 0.2055352 0.04230318
0.8 0.1693 0.20852 0.04353824
0.8 0.171775 0.2114603 0.04477378
0.8 0.17425 0.2143925 0.04602243
0.8 0.176725 0.217433 0.04733496
0.8 0.1792 0.220353 0.04861353
0.8 0.181675 0.2232825 0.04991291
0.8 0.18415 0.2262079 0.05122791
0.8 0.186625 0.2291278 0.0525572
0.8 0.1891 0.2320361 0.05389858
0.8 0.191575 0.2349949 0.05528009
0.8 0.19405 0.2379218 0.05666427
0.8 0.196525 0.2408267 0.05805502
0.8 0.199 0.2437084 0.05945113
1 0.002475 0.002420614 6.701665e-05
1 0.00495 0.004940327 8.612442e-05
1 0.007425 0.007393212 0.000115783
1 0.0099 0.009899525 0.0001592373
1 0.012375 0.01239737 0.0002151528
1 0.01485 0.01485925 0.0002819706
1 0.017325 0.01739795 0.0003639852
1 0.0198 0.01981695 0.0004536281
1 0.022275 0.02222881 0.0005552367
1 0.02475 0.0247144 0.0006718944
1 0.027225 0.02722792 0.0008025729
1 0.0297 0.02969944 0.0009427502
1 0.032175 0.03212719 0.001092663
1 0.03465 0.03463598 0.001260856
1 0.037125 0.03715933 0.001441764
1 0.0396 0.03956934 0.001626424
1 0.042075 0.04205698 0.001829971
1 0.04455 0.04450752 0.00204214
1 0.047025 0.04697414 0.002267558
1 0.0495 0.0494994 0.002511072
1 0.051975 0.05192605 0.002757256
1 0.05445 0.05440697 0.003020513
1 0.056925 0.05687517 0.003295726
1 0.0594 0.05934624 0.003582214
1 0.061875 0.06183617 0.003884646
1 0.06435 0.06424718 0.004188701
1 0.066825 0.0667118 0.004511356
1 0.0693 0.06922503 0.004852916
1 0.071775 0.07165884 0.005195639
1 0.07425 0.07414239 0.005557884
1 0.076725 0.07660824 0.005929196
1 0.0792 0.07898087 0.006298498
1 0.081675 0.08148367 0.00670031
1 0.08415 0.08399231 0.007115505
1 0.086625 0.08640489 0.007526846
1 0.0891 0.08889278 0.00796238
1 0.091575 0.09134289 0.008403851
1 0.09405 0.09376378 0.008851977
1 0.096525 0.09619812 0.009314754
1 0.099 0.09873183 0.00980911
1 0.102475 0.1021182 0.01048856
1 0.10495 0.1045673 0.01099506
1 0.107425 0.1070241 0.0115143
1 0.1099 0.1094617 0.01204198
1 0.112375 0.1119369 0.0125901
1 0.11485 0.1143345 0.01313295
1 0.117325 0.1168125 0.01370573
1 0.1198 0.1192025 0.01426937
1 0.122275 0.1216484 0.01485823
1 0.12475 0.1240928 0.01545889
1 0.127225 0.1265729 0.01608044
1 0.1297 0.1289725 0.01669376
1 0.132175 0.1313835 0.01732191
1 0.13465 0.1338525 0.01797649
1 0.137125 0.136296 0.01863723
1 0.1396 0.1387722 0.01931736
1 0.142075 0.141114 0.01997334
1 0.14455 0.1435541 0.02066726
1 0.147025 0.1460124 0.02137962
1 0.1495 0.1483932 0.02207989
1 0.151975 0.1508353 0.02281095
1 0.15445 0.1532442 0.02354321
1 0.156925 0.155634 0.02428164
1 0.1594 0.1580724 0.02504641
1 0.161875 0.1604708 0.02581017
1 0.16435 0.1628849 0.02659107
1 0.166825 0.165335 0.02739561
1 0.1693 0.1676997 0.02818192
1 0.171775 0.1701328 0.02900413
1 0.17425 0.1724851 0.02981066
1 0.176725 0.1748784 0.0306421
1 0.1792 0.1773113 0.03149792
1 0.181675 0.1797348 0.03236344
1 0.18415 0.1821062 0.0332213
1 0.186625 0.1844291 0.03407308
1 0.1891 0.1868804 0.03498346
1 0.191575 0.1891867 0.03585024
1 0.19405 0.1916754 0.03679771
1 0.196525 0.1940685 0.03772131
1 0.199 0.1963849 0.03862536
0.9 0.002475 0.002752119 6.913564e-05
0.9 0.00495 0.00552144 9.134656e-05
0.9 0.007425 0.008239602 0.0001290331
0.9 0.0099 0.01097374 0.0001818149
0.9 0.012375 0.01373517 0.0002491472
0.9 0.01485 0.01650791 0.0003332138
0.9 0.017325 0.01930041 0.000433262
0.9 0.0198 0.02197729 0.0005445198
0.9 0.022275 0.02475699 0.0006737565
0.9 0.02475 0.02748011 0.0008163286
0.9 0.027225 0.03022371 0.0009748062
0.9 0.0297 0.03297655 0.001148551
0.9 0.032175 0.03574123 0.001338632
0.9 0.03465 0.03849793 0.001542722
0.9 0.037125 0.04123613 0.001761091
0.9 0.0396 0.04401182 0.001997308
0.9 0.042075 0.0467321 0.002245547
0.9 0.04455 0.04946581 0.002507286
0.9 0.047025 0.0521908 0.002785084
0.9 0.0495 0.05496478 0.003081753
0.9 0.051975 0.05778541 0.00339949
0.9 0.05445 0.06042654 0.003711903
0.9 0.056925 0.06317114 0.004051629
0.9 0.0594 0.06590894 0.004405259
0.9 0.061875 0.06864849 0.004773673
0.9 0.06435 0.07140776 0.005159704
0.9 0.066825 0.07408747 0.005549367
0.9 0.0693 0.07686503 0.005968967
0.9 0.071775 0.07961818 0.006399903
0.9 0.07425 0.0822829 0.006831024
0.9 0.076725 0.0850293 0.007291063
0.9 0.0792 0.08781482 0.007772204
0.9 0.081675 0.09051833 0.008253637
0.9 0.08415 0.09317488 0.008741929
0.9 0.086625 0.09592878 0.00926307
0.9 0.0891 0.09866286 0.009794676
0.9 0.091575 0.1014238 0.01034687
0.9 0.09405 0.1041539 0.01090862
0.9 0.096525 0.1068269 0.01147238
0.9 0.099 0.1095781 0.0120674
0.9 0.102475 0.1134039 0.01292079
0.9 0.10495 0.1160783 0.01353459
0.9 0.107425 0.1188144 0.01417741
0.9 0.1099 0.1215074 0.01482459
0.9 0.112375 0.1242136 0.01548933
0.9 0.11485 0.1269084 0.01616573
0.9 0.117325 0.1295892 0.01685329
0.9 0.1198 0.1323122 0.01756597
0.9 0.122275 0.1350489 0.01829844
0.9 0.12475 0.1377536 0.01903599
0.9 0.127225 0.1404465 0.01978496
0.9 0.1297 0.1431415 0.02054937
0.9 0.132175 0.1458365 0.02132792
0.9 0.13465 0.1485302 0.02212087
0.9 0.137125 0.1511667 0.02291118
0.9 0.1396 0.1539077 0.02374763
0.9 0.142075 0.1565688 0.02457276
0.9 0.14455 0.1592534 0.02542131
0.9 0.147025 0.1619086 0.02627374
0.9 0.1495 0.1645798 0.02714624
0.9 0.151975 0.1672785 0.02804094
0.9 0.15445 0.1698704 0.02891511
0.9 0.156925 0.1726688 0.02987349
0.9 0.1594 0.1752646 0.03077694
0.9 0.161875 0.1779167 0.03171368
0.9 0.16435 0.1805902 0.03267174
0.9 0.166825 0.1832641 0.0336445
0.9 0.1693 0.1859127 0.03462273
0.9 0.171775 0.188565 0.03561586
0.9 0.17425 0.191254 0.03663691
0.9 0.176725 0.1938845 0.03764957
0.9 0.1792 0.1965491 0.03869021
0.9 0.181675 0.1991561 0.03972202
0.9 0.18415 0.2017909 0.04077833
0.9 0.186625 0.2044073 0.04184034
0.9 0.1891 0.2070102 0.04291166
0.9 0.191575 0.2097468 0.04405248
0.9 0.19405 0.2122981 0.04512924
0.9 0.196525 0.2149504 0.04626159
0.9 0.199 0.2175575 0.04738956
0.6 0.002475 0.004074143 7.786298e-05
0.6 0.00495 0.008185841 0.0001282801
0.6 0.007425 0.01237883 0.0002142256
0.6 0.0099 0.0164957 0.0003337846
0.6 0.012375 0.02063828 0.0004868735
0.6 0.01485 0.02475245 0.0006737499
0.6 0.017325 0.0288844 0.0008952086
0.6 0.0198 0.03299578 0.001149919
0.6 0.022275 0.03708172 0.001435642
0.6 0.02475 0.04122176 0.001760431
0.6 0.027225 0.04534438 0.002116889
0.6 0.0297 0.04946932 0.002508097
0.6 0.032175 0.05358303 0.002932023
0.6 0.03465 0.05770445 0.003390888
0.6 0.037125 0.06178823 0.003878829
0.6 0.0396 0.06587214 0.004399439
0.6 0.042075 0.0700255 0.004964889
0.6 0.04455 0.07405966 0.005545549
0.6 0.047025 0.07820191 0.006176276
0.6 0.0495 0.082359 0.006843929
0.6 0.051975 0.08641759 0.007528947
0.6 0.05445 0.09051857 0.008254016
0.6 0.056925 0.0946169 0.009012485
0.6 0.0594 0.09871441 0.009805202
0.6 0.061875 0.102749 0.01061787
0.6 0.06435 0.1068272 0.01147217
0.6 0.066825 0.1109341 0.01236698
0.6 0.0693 0.1149637 0.0132769
0.6 0.071775 0.1190218 0.01422649
0.6 0.07425 0.123129 0.01522058
0.6 0.076725 0.1271983 0.01623938
0.6 0.0792 0.1312049 0.0172746
0.6 0.081675 0.1352759 0.01835937
0.6 0.08415 0.1393158 0.01946889
0.6 0.086625 0.1434115 0.02062672
0.6 0.0891 0.147407 0.02178874
0.6 0.091575 0.1514477 0.02299639
0.6 0.09405 0.1554646 0.02422887
0.6 0.096525 0.1595236 0.02550704
0.6 0.099 0.1635241 0.0267995
0.6 0.102475 0.1691707 0.02867797
0.6 0.10495 0.1731344 0.03003473
0.6 0.107425 0.1771634 0.03144574
0.6 0.1099 0.1811961 0.03289103
0.6 0.112375 0.1851334 0.0343337
0.6 0.11485 0.1891388 0.03583203
0.6 0.117325 0.19309 0.037342
0.6 0.1198 0.197063 0.03889241
0.6 0.122275 0.2010167 0.04046638
0.6 0.12475 0.2050044 0.04208536
0.6 0.127225 0.2089051 0.04369909
0.6 0.1297 0.212844 0.04536046
0.6 0.132175 0.2168056 0.04706281
0.6 0.13465 0.2207435 0.04878603
0.6 0.137125 0.2246535 0.05052694
0.6 0.1396 0.2284928 0.05226681
0.6 0.142075 0.2324247 0.05407899
0.6 0.14455 0.2363238 0.05590654
0.6 0.147025 0.2402469 0.05777583
0.6 0.1495 0.2441515 0.05966743
0.6 0.151975 0.2480309 0.06157714
0.6 0.15445 0.2518868 0.06350395
0.6 0.156925 0.2557545 0.06546738
0.6 0.1594 0.2595253 0.06740997
0.6 0.161875 0.2634552 0.06946499
0.6 0.16435 0.2672116 0.07145884
0.6 0.166825 0.2710574 0.07352882
0.6 0.1693 0.2748927 0.07562196
0.6 0.171775 0.2786947 0.07772713
0.6 0.17425 0.2825674 0.07990064
0.6 0.176725 0.286332 0.08204205
0.6 0.1792 0.2900821 0.08420332
0.6 0.181675 0.2938708 0.08641587
0.6 0.18415 0.2976402 0.08864509
0.6 0.186625 0.3014011 0.0908981
0.6 0.1891 0.3051242 0.09315613
0.6 0.191575 0.3088541 0.09544606
0.6 0.19405 0.3125658 0.09775252
0.6 0.196525 0.3163135 0.1001089
0.6 0.199 0.3199766 0.1024401
0.7 0.002475 0.003594016 7.445449e-05
0.7 0.00495 0.007054034 0.0001107208
0.7 0.007425 0.01062407 0.000174288
0.7 0.0099 0.01418928 0.0002623522
0.7 0.012375 0.01766833 0.0003732689
0.7 0.01485 0.02122199 0.0005108272
0.7 0.017325 0.02471544 0.0006717243
0.7 0.0198 0.02827255 0.0008603459
0.7 0.022275 0.03182844 0.001073797
0.7 0.02475 0.03534774 0.001309917
0.7 0.027225 0.03891151 0.001574715
0.7 0.0297 0.04238991 0.001858143
0.7 0.032175 0.04596353 0.002173459
0.7 0.03465 0.04941845 0.002503019
0.7 0.037125 0.05297536 0.002867555
0.7 0.0396 0.05655849 0.003259971
0.7 0.042075 0.06004378 0.003666019
0.7 0.04455 0.06359864 0.004105448
0.7 0.047025 0.06705627 0.004557731
0.7 0.0495 0.07061946 0.00504779
0.7 0.051975 0.07409865 0.005551416
0.7 0.05445 0.07762208 0.006085741
0.7 0.056925 0.08114918 0.006646135
0.7 0.0594 0.08466078 0.007227419
0.7 0.061875 0.08816015 0.007832758
0.7 0.06435 0.09162083 0.008454888
0.7 0.066825 0.09510676 0.009105654
0.7 0.0693 0.09868308 0.00979871
0.7 0.071775 0.102199 0.01050568
0.7 0.07425 0.1056855 0.01122979
0.7 0.076725 0.1091661 0.01197805
0.7 0.0792 0.1127088 0.0127638
0.7 0.081675 0.1161603 0.01355296
0.7 0.08415 0.1196789 0.01438387
0.7 0.086625 0.1231316 0.0152216
0.7 0.0891 0.1266049 0.01608883
0.7 0.091575 0.1301322 0.01699457
0.7 0.09405 0.1335549 0.01789713
0.7 0.096525 0.1369593 0.0188181
0.7 0.099 0.1405214 0.01980543
0.7 0.102475 0.1453516 0.02118723
0.7 0.10495 0.1488514 0.02221677
0.7 0.107425 0.1523047 0.02325667
0.7 0.1099 0.155761 0.02432087
0.7 0.112375 0.1591717 0.02539518
0.7 0.11485 0.1626281 0.02650733
0.7 0.117325 0.1660968 0.02764758
0.7 0.1198 0.1694844 0.02878357
0.7 0.122275 0.1729537 0.02997229
0.7 0.12475 0.1763117 0.03114526
0.7 0.127225 0.1798029 0.03238849
0.7 0.1297 0.183161 0.03360703
0.7 0.132175 0.1866047 0.03488043
0.7 0.13465 0.1900431 0.03617518
0.7 0.137125 0.1934274 0.03747284
0.7 0.1396 0.1968734 0.03881773
0.7 0.142075 0.2002779 0.04017014
0.7 0.14455 0.203623 0.04152127
0.7 0.147025 0.2069943 0.04290495
0.7 0.1495 0.2103835 0.04431952
0.7 0.151975 0.2137282 0.0457381
0.7 0.15445 0.2171703 0.04722096
0.7 0.156925 0.2204732 0.04866643
0.7 0.1594 0.2238399 0.05016264
0.7 0.161875 0.2272327 0.05169203
0.7 0.16435 0.230559 0.05321537
0.7 0.166825 0.2339092 0.05477129
0.7 0.1693 0.2372431 0.05634213
0.7 0.171775 0.240567 0.05792999
0.7 0.17425 0.2439417 0.05956498
0.7 0.176725 0.2472381 0.06118428
0.7 0.1792 0.2505502 0.06283249
0.7 0.181675 0.2538778 0.06451085
0.7 0.18415 0.2571376 0.06617691
0.7 0.186625 0.2604798 0.06790645
0.7 0.1891 0.2637539 0.06962289
0.7 0.191575 0.2670297 0.07136163
0.7 0.19405 0.270356 0.073149
0.7 0.196525 0.2736025 0.07491511
0.7 0.199 0.2768591 0.07670735
0.4 0.002475 0.00617499 9.936806e-05
0.4 0.00495 0.01236586 0.0002135176
0.4 0.007425 0.01862375 0.0004081939
0.4 0.0099 0.02474278 0.0006733377
0.4 0.012375 0.03093706 0.001017856
0.4 0.01485 0.03712505 0.001439464
0.4 0.017325 0.04326016 0.0019328
0.4 0.0198 0.04945359 0.002506343
0.4 0.022275 0.05562284 0.003155184
0.4 0.02475 0.06174609 0.003873255
0.4 0.027225 0.06793929 0.004676341
0.4 0.0297 0.07408318 0.005549125
0.4 0.032175 0.08022049 0.006496074
0.4 0.03465 0.08643699 0.007532212
0.4 0.037125 0.09253537 0.008623602
0.4 0.0396 0.09865667 0.009793565
0.4 0.042075 0.1047467 0.01103264
0.4 0.04455 0.1109373 0.01236769
0.4 0.047025 0.1170361 0.0137575
0.4 0.0495 0.1231255 0.01521998
0.4 0.051975 0.1292359 0.01676134
0.4 0.05445 0.135335 0.01837525
0.4 0.056925 0.1413254 0.02003242
0.4 0.0594 0.147384 0.02178152
0.4 0.061875 0.153473 0.02361323
0.4 0.06435 0.1594983 0.02549921
0.4 0.066825 0.1654965 0.02744846
0.4 0.0693 0.171516 0.02947733
0.4 0.071775 0.1775898 0.03159728
0.4 0.07425 0.1835141 0.03373656
0.4 0.076725 0.189508 0.03597203
0.4 0.0792 0.1954788 0.03827052
0.4 0.081675 0.2013726 0.04060902
0.4 0.08415 0.2073634 0.04305806
0.4 0.086625 0.2132361 0.04552789
0.4 0.0891 0.2191244 0.04807373
0.4 0.091575 0.224983 0.05067564
0.4 0.09405 0.230891 0.05336829
0.4 0.096525 0.2367562 0.05611104
0.4 0.099 0.2425449 0.05888492
0.4 0.102475 0.2507563 0.06293595
0.4 0.10495 0.2564911 0.0658446
0.4 0.107425 0.2622647 0.06883969
0.4 0.1099 0.2680441 0.07190463
0.4 0.112375 0.2737244 0.07498134
0.4 0.11485 0.2794855 0.07816847
0.4 0.117325 0.2851786 0.08138268
0.4 0.1198 0.2908542 0.08465173
0.4 0.122275 0.2964515 0.08793918
0.4 0.12475 0.3020924 0.0913155
0.4 0.127225 0.3077322 0.09475403
0.4 0.1297 0.3133843 0.09826463
0.4 0.132175 0.3188636 0.1017292
0.4 0.13465 0.3244416 0.1053169
0.4 0.137125 0.3300315 0.1089757
0.4 0.1396 0.3355173 0.112626
0.4 0.142075 0.3409751 0.1163181
0.4 0.14455 0.3463856 0.1200366
0.4 0.147025 0.3519133 0.1238963
0.4 0.1495 0.3572139 0.127655
0.4 0.151975 0.3626461 0.1315655
0.4 0.15445 0.3679827 0.1354641
0.4 0.156925 0.3733543 0.1394458
0.4 0.1594 0.3785938 0.1433857
0.4 0.161875 0.3839297 0.1474537
0.4 0.16435 0.3891995 0.1515276
0.4 0.166825 0.3944464 0.1556396
0.4 0.1693 0.3996639 0.1597828
0.4 0.171775 0.4047998 0.1639139
0.4 0.17425 0.410008 0.1681568
0.4 0.176725 0.415161 0.1724089
0.4 0.1792 0.4202658 0.1766737
0.4 0.181675 0.4252842 0.1809167
0.4 0.18415 0.4303622 0.1852614
0.4 0.186625 0.4354363 0.1896547
0.4 0.1891 0.4404346 0.1940319
0.4 0.191575 0.4454416 0.1984672
0.4 0.19405 0.4503465 0.2028605
0.4 0.196525 0.4552637 0.207313
0.4 0.199 0.4601486 0.2117847
0.5 0.002475 0.005008877 8.651217e-05
0.5 0.00495 0.009869634 0.0001586274
0.5 0.007425 0.01489514 0.0002830137
0.5 0.0099 0.01983304 0.0004539752
0.5 0.012375 0.02475615 0.0006739063
0.5 0.01485 0.02970655 0.0009433753
0.5 0.017325 0.03463595 0.001260346
0.5 0.0198 0.03956948 0.001626561
0.5 0.022275 0.04451752 0.002043166
0.5 0.02475 0.04940542 0.002501398
0.5 0.027225 0.05438003 0.003018294
0.5 0.0297 0.05932684 0.003580901
0.5 0.032175 0.0642839 0.004193213
0.5 0.03465 0.06922279 0.004852
0.5 0.037125 0.07406564 0.005546552
0.5 0.0396 0.07901624 0.006303478
0.5 0.042075 0.08392053 0.007103408
0.5 0.04455 0.08888317 0.007960951
0.5 0.047025 0.09383514 0.008865636
0.5 0.0495 0.09871885 0.009805489
0.5 0.051975 0.1035692 0.01078707
0.5 0.05445 0.1084831 0.01182927
0.5 0.056925 0.1133709 0.01291324
0.5 0.0594 0.1181889 0.01402872
0.5 0.061875 0.123176 0.01523248
0.5 0.06435 0.1280353 0.01645321
0.5 0.066825 0.132882 0.01771805
0.5 0.0693 0.1377122 0.01902488
0.5 0.071775 0.1425649 0.0203847
0.5 0.07425 0.1474015 0.0217867
0.5 0.076725 0.1522628 0.02324314
0.5 0.0792 0.1570587 0.02472649
0.5 0.081675 0.161864 0.02626
0.5 0.08415 0.1667 0.02784843
0.5 0.086625 0.1715923 0.02950326
0.5 0.0891 0.1763306 0.03115176
0.5 0.091575 0.1810889 0.03285249
0.5 0.09405 0.1858945 0.03461582
0.5 0.096525 0.1907128 0.03643063
0.5 0.099 0.1954474 0.03825851
0.5 0.102475 0.2021463 0.04092111
0.5 0.10495 0.2068761 0.04285621
0.5 0.107425 0.2115505 0.04481186
0.5 0.1099 0.2163807 0.04687931
0.5 0.112375 0.2210279 0.04891161
0.5 0.11485 0.2257568 0.05102387
0.5 0.117325 0.2304624 0.05317087
0.5 0.1198 0.2350882 0.05532449
0.5 0.122275 0.2397931 0.05755863
0.5 0.12475 0.2445021 0.05983875
0.5 0.127225 0.2491086 0.06211221
0.5 0.1297 0.2537358 0.06443893
0.5 0.132175 0.2583635 0.06680889
0.5 0.13465 0.2629647 0.06920718
0.5 0.137125 0.2675567 0.07164306
0.5 0.1396 0.2721279 0.07411034
0.5 0.142075 0.2767279 0.07663474
0.5 0.14455 0.2813211 0.07919809
0.5 0.147025 0.285833 0.08175646
0.5 0.1495 0.2904358 0.08440887
0.5 0.151975 0.2949427 0.08704667
0.5 0.15445 0.2994348 0.08971651
0.5 0.156925 0.3039568 0.09244469
0.5 0.1594 0.3084652 0.09520593
0.5 0.161875 0.3128691 0.09794193
0.5 0.16435 0.317349 0.1007656
0.5 0.166825 0.3217942 0.1036063
0.5 0.1693 0.326184 0.1064502
0.5 0.171775 0.3306517 0.1093844
0.5 0.17425 0.3350064 0.1122834
0.5 0.176725 0.3394577 0.1152856
0.5 0.1792 0.3438228 0.1182679
0.5 0.181675 0.3481636 0.1212714
0.5 0.18415 0.3525409 0.1243382
0.5 0.186625 0.3567976 0.1273582
0.5 0.1891 0.3611381 0.1304738
0.5 0.191575 0.3654758 0.1336255
0.5 0.19405 0.3697394 0.13676
0.5 0.196525 0.3739434 0.1398867
0.5 0.199 0.37826 0.1431329
0.3 0.002475 0.00824954 0.0001291239
0.3 0.00495 0.01648746 0.0003327837
0.3 0.007425 0.0247385 0.0006735346
0.3 0.0099 0.03298794 0.001149304
0.3 0.012375 0.04119048 0.001757617
0.3 0.01485 0.0494557 0.002506594
0.3 0.017325 0.0577309 0.003393544
0.3 0.0198 0.06589912 0.004403348
0.3 0.022275 0.07410202 0.005551972
0.3 0.02475 0.08232741 0.00683847
0.3 0.027225 0.09047461 0.008246225
0.3 0.0297 0.09872864 0.009807521
0.3 0.032175 0.1068252 0.01147178
0.3 0.03465 0.1149845 0.01328161
0.3 0.037125 0.1231295 0.01522111
0.3 0.0396 0.1312661 0.01729079
0.3 0.042075 0.1393443 0.0194769
0.3 0.04455 0.147425 0.0217943
0.3 0.047025 0.1555003 0.02424018
0.3 0.0495 0.1634815 0.02678552
0.3 0.051975 0.1715321 0.02948225
0.3 0.05445 0.1794822 0.0322724
0.3 0.056925 0.1875409 0.03522987
0.3 0.0594 0.1954562 0.03826181
0.3 0.061875 0.2033238 0.04139924
0.3 0.06435 0.2112411 0.04468135
0.3 0.066825 0.2191921 0.04810357
0.3 0.0693 0.2269855 0.05158038
0.3 0.071775 0.2348129 0.05519505
0.3 0.07425 0.2425305 0.05887861
0.3 0.076725 0.2503464 0.06273022
0.3 0.0792 0.2580912 0.06666843
0.3 0.081675 0.2657199 0.0706638
0.3 0.08415 0.2733669 0.07478604
0.3 0.086625 0.2810375 0.07903772
0.3 0.0891 0.2885728 0.08333015
0.3 0.091575 0.2961201 0.08774257
0.3 0.09405 0.3036113 0.09223537
0.3 0.096525 0.3110584 0.09681173
0.3 0.099 0.3185228 0.1015114
0.3 0.102475 0.3288419 0.1081916
0.3 0.10495 0.3362732 0.1131333
0.3 0.107425 0.3435275 0.1180653
0.3 0.1099 0.3507763 0.1230973
0.3 0.112375 0.3579696 0.1281954
0.3 0.11485 0.3651874 0.1334143
0.3 0.117325 0.3723092 0.1386665
0.3 0.1198 0.3793767 0.1439788
0.3 0.122275 0.3864176 0.1493705
0.3 0.12475 0.3933834 0.1548013
0.3 0.127225 0.4003359 0.1603201
0.3 0.1297 0.4072322 0.165889
0.3 0.132175 0.4141409 0.1715634
0.3 0.13465 0.4208706 0.1771818
0.3 0.137125 0.4277183 0.182993
0.3 0.1396 0.434379 0.1887346
0.3 0.142075 0.4410374 0.1945632
0.3 0.14455 0.447697 0.2004813
0.3 0.147025 0.454273 0.2064123
0.3 0.1495 0.4608098 0.2123942
0.3 0.151975 0.4672953 0.2184128
0.3 0.15445 0.4736255 0.2243685
0.3 0.156925 0.4800681 0.2305122
0.3 0.1594 0.4863907 0.2366228
0.3 0.161875 0.4926877 0.2427874
0.3 0.16435 0.4988825 0.2489294
0.3 0.166825 0.5050573 0.2551283
0.3 0.1693 0.5111943 0.2613647
0.3 0.171775 0.5172733 0.2676165
0.3 0.17425 0.5232632 0.2738486
0.3 0.176725 0.5291773 0.2800721
0.3 0.1792 0.5352102 0.2864934
0.3 0.181675 0.54104 0.2927673
0.3 0.18415 0.5468221 0.2990572
0.3 0.186625 0.5525756 0.3053822
0.3 0.1891 0.5582876 0.3117269
0.3 0.191575 0.5639619 0.3180946
0.3 0.19405 0.5694978 0.3243686
0.3 0.196525 0.5751074 0.3307894
0.3 0.199 0.5805894 0.3371243
0.2 0.002475 0.01236728 0.0002137103
0.2 0.00495 0.02478945 0.000675245
0.2 0.007425 0.0371499 0.001441155
0.2 0.0099 0.0494567 0.002506933
0.2 0.012375 0.06181825 0.003882777
0.2 0.01485 0.07413428 0.005556334
0.2 0.017325 0.08642301 0.007529518
0.2 0.0198 0.09869524 0.00980092
0.2 0.022275 0.1109253 0.01236485
0.2 0.02475 0.1231248 0.01521993
0.2 0.027225 0.13533 0.0183741
0.2 0.0297 0.1474144 0.02179065
0.2 0.032175 0.1595486 0.02551509
0.2 0.03465 0.1714904 0.02946772
0.2 0.037125 0.1834775 0.03372341
0.2 0.0396 0.1954673 0.03826645
0.2 0.042075 0.2072863 0.04302624
0.2 0.04455 0.2191752 0.04809523
0.2 0.047025 0.2308831 0.05336474
0.2 0.0495 0.2425606 0.05889338
0.2 0.051975 0.2542019 0.0646763
0.2 0.05445 0.2656675 0.07063637
0.2 0.056925 0.2771572 0.0768726
0.2 0.0594 0.2885784 0.08333268
0.2 0.061875 0.2998415 0.08996057
0.2 0.06435 0.3110555 0.09681085
0.2 0.066825 0.3222007 0.103868
0.2 0.0693 0.3332921 0.1111377
0.2 0.071775 0.3441926 0.1185219
0.2 0.07425 0.3550626 0.126123
0.2 0.076725 0.3658627 0.1339084
0.2 0.0792 0.3764903 0.1417977
0.2 0.081675 0.3870241 0.1498393
0.2 0.08415 0.3975556 0.1581019
0.2 0.086625 0.4079746 0.1664943
0.2 0.0891 0.4181717 0.1749181
0.2 0.091575 0.4283613 0.1835433
0.2 0.09405 0.4384075 0.1922503
0.2 0.096525 0.4483386 0.2010558
0.2 0.099 0.4581722 0.20997
0.2 0.102475 0.4717528 0.2225977
0.2 0.10495 0.4813593 0.2317536
0.2 0.107425 0.4908294 0.2409598
0.2 0.1099 0.5001616 0.2502073
0.2 0.112375 0.5093372 0.2594694
0.2 0.11485 0.5185084 0.2688956
0.2 0.117325 0.5275017 0.2783023
0.2 0.1198 0.5363578 0.2877231
0.2 0.122275 0.5450865 0.2971622
0.2 0.12475 0.5537466 0.3066777
0.2 0.127225 0.5622619 0.3161808
0.2 0.1297 0.5706917 0.3257305
0.2 0.132175 0.578939 0.335211
0.2 0.13465 0.5871166 0.3447462
0.2 0.137125 0.5952209 0.3543273
0.2 0.1396 0.6030812 0.3637458
0.2 0.142075 0.6109319 0.3732764
0.2 0.14455 0.6185884 0.3826896
0.2 0.147025 0.6261985 0.3921614
0.2 0.1495 0.6336618 0.4015637
0.2 0.151975 0.6410133 0.4109339
0.2 0.15445 0.6482191 0.4202232
0.2 0.156925 0.6553653 0.4295389
0.2 0.1594 0.6623862 0.4387898
0.2 0.161875 0.6692042 0.4478679
0.2 0.16435 0.6760047 0.4570155
0.2 0.166825 0.6827051 0.4661187
0.2 0.1693 0.6892506 0.4750986
0.2 0.171775 0.6956987 0.4840281
0.2 0.17425 0.7019994 0.4928338
0.2 0.176725 0.7082243 0.5016124
0.2 0.1792 0.7143821 0.5103716
0.2 0.181675 0.7203771 0.5189724
0.2 0.18415 0.7262792 0.5275102
0.2 0.186625 0.7320986 0.5359966
0.2 0.1891 0.7377409 0.5442895
0.2 0.191575 0.7433085 0.5525348
0.2 0.19405 0.7487967 0.5607232
0.2 0.196525 0.7541975 0.5688401
0.2 0.199 0.759523 0.5769011
0.1 0.002475 0.02470939 0.0006716884
0.1 0.00495 0.04943002 0.002504572
0.1 0.007425 0.07412388 0.005554847
0.1 0.0099 0.09868526 0.009799414
0.1 0.012375 0.1230875 0.01521083
0.1 0.01485 0.1474667 0.02180643
0.1 0.017325 0.1715652 0.02949419
0.1 0.0198 0.1954344 0.03825293
0.1 0.022275 0.2192012 0.0481075
0.1 0.02475 0.2425697 0.05889719
0.1 0.027225 0.265745 0.07067729
0.1 0.0297 0.2885527 0.08331879
0.1 0.032175 0.3111028 0.09684065
0.1 0.03465 0.3332752 0.1111268
0.1 0.037125 0.3550917 0.1261436
0.1 0.0396 0.3765377 0.1418328
0.1 0.042075 0.3975551 0.1581013
0.1 0.04455 0.4182202 0.1749584
0.1 0.047025 0.4384208 0.1922623
0.1 0.0495 0.458148 0.2099481
0.1 0.051975 0.4775056 0.2280586
0.1 0.05445 0.4964311 0.2464899
0.1 0.056925 0.5148365 0.2651015
0.1 0.0594 0.5327293 0.2838445
0.1 0.061875 0.5502098 0.3027732
0.1 0.06435 0.5672818 0.32185
0.1 0.066825 0.5838326 0.3409007
0.1 0.0693 0.5999048 0.3599249
0.1 0.071775 0.6154891 0.3788645
0.1 0.07425 0.6306396 0.397743
0.1 0.076725 0.6453002 0.4164479
0.1 0.0792 0.6595426 0.4350313
0.1 0.081675 0.6732886 0.4533509
0.1 0.08415 0.6865605 0.4713974
0.1 0.086625 0.6994669 0.4892847
0.1 0.0891 0.7118755 0.506797
0.1 0.091575 0.7238504 0.5239885
0.1 0.09405 0.7354321 0.5408882
0.1 0.096525 0.7466117 0.557456
0.1 0.099 0.7574085 0.5736936
0.1 0.102475 0.771805 0.5957073
0.1 0.10495 0.7816144 0.6109448
0.1 0.107425 0.7910832 0.6258354
0.1 0.1099 0.8001363 0.64024
0.1 0.112375 0.8088875 0.6543201
0.1 0.11485 0.8172389 0.6678997
0.1 0.117325 0.8252887 0.6811208
0.1 0.1198 0.8330301 0.6939579
0.1 0.122275 0.8404735 0.7064136
0.1 0.12475 0.8475707 0.7183934
0.1 0.127225 0.8544148 0.7300412
0.1 0.1297 0.8609819 0.7413055
0.1 0.132175 0.8672454 0.7521297
0.1 0.13465 0.8732069 0.7625047
0.1 0.137125 0.8790244 0.7726977
0.1 0.1396 0.8844823 0.7823221
0.1 0.142075 0.8897806 0.7917223
0.1 0.14455 0.8947881 0.8006581
0.1 0.147025 0.8996426 0.8093684
0.1 0.1495 0.9042412 0.8176632
0.1 0.151975 0.9086518 0.8256586
0.1 0.15445 0.9128578 0.8333194
0.1 0.156925 0.9169248 0.8407607
0.1 0.1594 0.9207529 0.8477952
0.1 0.161875 0.924424 0.8545686
0.1 0.16435 0.9279682 0.8611334
0.1 0.166825 0.9313335 0.8673901
0.1 0.1693 0.9345009 0.8732996
0.1 0.171775 0.9375934 0.8790888
0.1 0.17425 0.9405085 0.8845633
0.1 0.176725 0.9432976 0.8898172
0.1 0.1792 0.9459618 0.8948501
0.1 0.181675 0.9484971 0.8996528
0.1 0.18415 0.950922 0.9042585
0.1 0.186625 0.9532641 0.9087181
0.1 0.1891 0.9554548 0.9128992
0.1 0.191575 0.9575636 0.9169331
0.1 0.19405 0.9595643 0.9207685
0.1 0.196525 0.9614696 0.9244283
0.1 0.199 0.963322 0.9279937
0.09 0.002475 0.02749911 0.0008169943
0.09 0.00495 0.05494399 0.003080042
0.09 0.007425 0.08225686 0.006826922
0.09 0.0099 0.1095963 0.01207237
0.09 0.012375 0.1366599 0.01873589
0.09 0.01485 0.1634729 0.02678292
0.09 0.017325 0.1901414 0.03621318
0.09 0.0198 0.2165351 0.04694522
0.09 0.022275 0.2425317 0.05887919
0.09 0.02475 0.2682948 0.07203874
0.09 0.027225 0.2935891 0.08625042
0.09 0.0297 0.3185306 0.1015168
0.09 0.032175 0.343001 0.1177033
0.09 0.03465 0.367039 0.1347707
0.09 0.037125 0.3906145 0.1526314
0.09 0.0396 0.4136438 0.1711519
0.09 0.042075 0.4362116 0.1903298
0.09 0.04455 0.4582101 0.2100049
0.09 0.047025 0.4796499 0.2301109
0.09 0.0495 0.5005406 0.2505866
0.09 0.051975 0.5207965 0.2712733
0.09 0.05445 0.5406414 0.2923362
0.09 0.056925 0.5597494 0.3133613
0.09 0.0594 0.5783837 0.3345682
0.09 0.061875 0.5963931 0.3557238
0.09 0.06435 0.6138049 0.3767947
0.09 0.066825 0.6306522 0.397759
0.09 0.0693 0.6468987 0.4185135
0.09 0.071775 0.6626337 0.4391177
0.09 0.07425 0.6778085 0.4594574
0.09 0.076725 0.6923567 0.4793897
0.09 0.0792 0.7064423 0.4990912
0.09 0.081675 0.7199141 0.5183056
0.09 0.08415 0.7329 0.5371706
0.09 0.086625 0.7454077 0.55566
0.09 0.0891 0.7573291 0.5735735
0.09 0.091575 0.7688357 0.5911332
0.09 0.09405 0.7798641 0.608212
0.09 0.096525 0.7903985 0.6247528
0.09 0.099 0.8005046 0.6408294
0.09 0.102475 0.8139445 0.6625262
0.09 0.10495 0.8230192 0.6773802
0.09 0.107425 0.8317212 0.6917791
0.09 0.1099 0.8399856 0.7055939
0.09 0.112375 0.847887 0.7189296
0.09 0.11485 0.8554174 0.7317552
0.09 0.117325 0.8626326 0.7441506
0.09 0.1198 0.8695185 0.7560775
0.09 0.122275 0.876099 0.7675636
0.09 0.12475 0.8823206 0.7785032
0.09 0.127225 0.8882446 0.7889914
0.09 0.1297 0.8939383 0.7991379
0.09 0.132175 0.8993372 0.808819
0.09 0.13465 0.904411 0.8179704
0.09 0.137125 0.9093194 0.8268724
0.09 0.1396 0.9139815 0.8353723
0.09 0.142075 0.9183782 0.843428
0.09 0.14455 0.9225778 0.8511589
0.09 0.147025 0.9265781 0.8585556
0.09 0.1495 0.9303573 0.8655729
0.09 0.151975 0.9339665 0.8723013
0.09 0.15445 0.9373782 0.8786852
0.09 0.156925 0.9406316 0.8847949
0.09 0.1594 0.9437464 0.890664
0.09 0.161875 0.9466675 0.8961857
0.09 0.16435 0.9494285 0.9014204
0.09 0.166825 0.952088 0.9064772
0.09 0.1693 0.9545672 0.911204
0.09 0.171775 0.9569701 0.9157969
0.09 0.17425 0.9592087 0.9200862
0.09 0.176725 0.9613813 0.9242587
0.09 0.1792 0.9633866 0.9281183
0.09 0.181675 0.9653254 0.9318574
0.09 0.18415 0.9671494 0.9353819
0.09 0.186625 0.9688726 0.9387178
0.09 0.1891 0.9705136 0.9419001
0.09 0.191575 0.9720709 0.9449252
0.09 0.19405 0.9735568 0.947816
0.09 0.196525 0.974938 0.9505071
0.09 0.199 0.9762851 0.9531355
0.07 0.002475 0.03537358 0.001312013
0.07 0.00495 0.07055256 0.005038238
0.07 0.007425 0.1056189 0.01121583
0.07 0.0099 0.1404942 0.01979869
0.07 0.012375 0.175019 0.0306909
0.07 0.01485 0.2090147 0.04374539
0.07 0.017325 0.2425838 0.05890426
0.07 0.0198 0.2755702 0.07599537
0.07 0.022275 0.3079185 0.09486928
0.07 0.02475 0.3395675 0.11536
0.07 0.027225 0.3704283 0.1372702
0.07 0.0297 0.4005039 0.1604546
0.07 0.032175 0.4297936 0.1847722
0.07 0.03465 0.4581329 0.2099339
0.07 0.037125 0.4856674 0.2359195
0.07 0.0396 0.512218 0.262412
0.07 0.042075 0.5377774 0.2892478
0.07 0.04455 0.5624168 0.3163545
0.07 0.047025 0.5861756 0.3436423
0.07 0.0495 0.6089104 0.3708102
0.07 0.051975 0.630643 0.3977471
0.07 0.05445 0.6514499 0.4244217
0.07 0.056925 0.6713648 0.450764
0.07 0.0594 0.6902781 0.4765158
0.07 0.061875 0.7084007 0.5018622
0.07 0.06435 0.7255475 0.5264481
0.07 0.066825 0.7418651 0.5503913
0.07 0.0693 0.7573922 0.573669
0.07 0.071775 0.7720388 0.5960684
0.07 0.07425 0.7859165 0.6176881
0.07 0.076725 0.7990824 0.6385549
0.07 0.0792 0.8115275 0.6585977
0.07 0.081675 0.8232563 0.6777707
0.07 0.08415 0.8342933 0.6960639
0.07 0.086625 0.8447204 0.71357
0.07 0.0891 0.8545641 0.7302963
0.07 0.091575 0.8638583 0.7462666
0.07 0.09405 0.87251 0.7612883
0.07 0.096525 0.8806814 0.7756135
0.07 0.099 0.8883768 0.7892262
0.07 0.102475 0.8983973 0.8071296
0.07 0.10495 0.905023 0.8190777
0.07 0.107425 0.9111948 0.8302863
0.07 0.1099 0.9170176 0.840931
0.07 0.112375 0.9224489 0.850921
0.07 0.11485 0.9275646 0.8603846
0.07 0.117325 0.9323296 0.8692466
0.07 0.1198 0.9368151 0.8776301
0.07 0.122275 0.9409931 0.8854749
0.07 0.12475 0.9449195 0.8928795
0.07 0.127225 0.9485943 0.8998373
0.07 0.1297 0.9520053 0.9063198
0.07 0.132175 0.9552258 0.9124616
0.07 0.13465 0.9582248 0.9181998
0.07 0.137125 0.9610156 0.9235556
0.07 0.1396 0.963624 0.9285755
0.07 0.142075 0.9660615 0.9332789
0.07 0.14455 0.9683447 0.9376953
0.07 0.147025 0.9704788 0.9418326
0.07 0.1495 0.9724592 0.9456803
0.07 0.151975 0.9743238 0.94931
0.07 0.15445 0.9760625 0.9527009
0.07 0.156925 0.9776622 0.955826
0.07 0.1594 0.979177 0.9587901
0.07 0.161875 0.9805875 0.9615542
0.07 0.16435 0.9818944 0.9641189
0.07 0.166825 0.9831177 0.9665225
0.07 0.1693 0.9842574 0.9687645
0.07 0.171775 0.9853386 0.9708939
0.07 0.17425 0.9863291 0.9728467
0.07 0.176725 0.9872567 0.9746774
0.07 0.1792 0.9881147 0.9763721
0.07 0.181675 0.9889283 0.9779805
0.07 0.18415 0.9896709 0.9794497
0.07 0.186625 0.9903792 0.9808521
0.07 0.1891 0.9910296 0.9821407
0.07 0.191575 0.9916419 0.9833546
0.07 0.19405 0.9922133 0.9844881
0.07 0.196525 0.9927362 0.9855261
0.07 0.199 0.99323 0.9865067
0.06 0.002475 0.04119725 0.001758149
0.06 0.00495 0.08233472 0.006840023
0.06 0.007425 0.1230898 0.01521159
0.06 0.0099 0.1634974 0.02679117
0.06 0.012375 0.2034002 0.04142996
0.06 0.01485 0.2425085 0.05886765
0.06 0.017325 0.2809806 0.07900608
0.06 0.0198 0.3184953 0.1014942
0.06 0.022275 0.3551028 0.1261512
0.06 0.02475 0.3906222 0.1526377
0.06 0.027225 0.4249697 0.1806493
0.06 0.0297 0.4582227 0.2100162
0.06 0.032175 0.4901734 0.2403166
0.06 0.03465 0.5208515 0.2713306
0.06 0.037125 0.5502828 0.3028533
0.06 0.0396 0.5784093 0.3345976
0.06 0.042075 0.6051844 0.3662873
0.06 0.04455 0.6306314 0.3977333
0.06 0.047025 0.6548673 0.4288864
0.06 0.0495 0.6777643 0.4593973
0.06 0.051975 0.6994608 0.4892767
0.06 0.05445 0.7199165 0.5183093
0.06 0.056925 0.7392003 0.5464447
0.06 0.0594 0.7573741 0.5736415
0.06 0.061875 0.7743756 0.5996819
0.06 0.06435 0.7903509 0.6246776
0.06 0.066825 0.805376 0.648652
0.06 0.0693 0.8194168 0.671464
0.06 0.071775 0.8325166 0.6931026
0.06 0.07425 0.8447503 0.7136206
0.06 0.076725 0.8561209 0.7329592
0.06 0.0792 0.866789 0.7513384
0.06 0.081675 0.8766916 0.7686023
0.06 0.08415 0.8858876 0.78481
0.06 0.086625 0.8944473 0.8000482
0.06 0.0891 0.9024174 0.8143685
0.06 0.091575 0.9097824 0.8277145
0.06 0.09405 0.9166442 0.8402464
0.06 0.096525 0.9229928 0.8519248
0.06 0.099 0.9288632 0.8627953
0.06 0.102475 0.9363613 0.87678
0.06 0.10495 0.9412699 0.8859959
0.06 0.107425 0.9458132 0.894569
0.06 0.1099 0.9500013 0.9025085
0.06 0.112375 0.9538453 0.9098263
0.06 0.11485 0.9574228 0.9166635
0.06 0.117325 0.9607422 0.9230303
0.06 0.1198 0.9637786 0.9288736
0.06 0.122275 0.966615 0.9343486
0.06 0.12475 0.969192 0.9393367
0.06 0.127225 0.9716172 0.9440434
0.06 0.1297 0.9738441 0.9483756
0.06 0.132175 0.9758956 0.9523752
0.06 0.13465 0.9777693 0.9560356
0.06 0.137125 0.979519 0.95946
0.06 0.1396 0.9811176 0.9625941
0.06 0.142075 0.9826074 0.9655194
0.06 0.14455 0.9839689 0.9681968
0.06 0.147025 0.9852282 0.9706764
0.06 0.1495 0.986388 0.972963
0.06 0.151975 0.9874678 0.9750941
0.06 0.15445 0.9884596 0.9770537
0.06 0.156925 0.9893572 0.978829
0.06 0.1594 0.9901988 0.9804949
0.06 0.161875 0.9909706 0.9820237
0.06 0.16435 0.9916844 0.9834389
0.06 0.166825 0.9923346 0.9847288
0.06 0.1693 0.9929409 0.9859324
0.06 0.171775 0.9935028 0.9870486
0.06 0.17425 0.9940098 0.9880563
0.06 0.176725 0.9944829 0.9889968
0.06 0.1792 0.9949283 0.989883
0.06 0.181675 0.9953283 0.9906791
0.06 0.18415 0.9956928 0.9914047
0.06 0.186625 0.9960343 0.9920848
0.06 0.1891 0.9963461 0.992706
0.06 0.191575 0.9966347 0.9932811
0.06 0.19405 0.996897 0.9938039
0.06 0.196525 0.9971482 0.994305
0.06 0.199 0.9973732 0.9947536
0.08 0.002475 0.03086915 0.001013546
0.08 0.00495 0.06174269 0.003872883
0.08 0.007425 0.09258903 0.00863381
0.08 0.0099 0.1231075 0.01521555
0.08 0.012375 0.153455 0.02360777
0.08 0.01485 0.1834757 0.03372169
0.08 0.017325 0.2132748 0.04554466
0.08 0.0198 0.2425678 0.05889695
0.08 0.022275 0.2714539 0.07374426
0.08 0.02475 0.2998376 0.08995808
0.08 0.027225 0.3277667 0.1074856
0.08 0.0297 0.3550912 0.1261434
0.08 0.032175 0.3817879 0.1458141
0.08 0.03465 0.4079625 0.1664844
0.08 0.037125 0.4333904 0.1878769
0.08 0.0396 0.4581757 0.2099732
0.08 0.042075 0.4822843 0.2326447
0.08 0.04455 0.5056514 0.2557287
0.08 0.047025 0.5283555 0.2792036
0.08 0.0495 0.5502461 0.3028131
0.08 0.051975 0.5714219 0.3265639
0.08 0.05445 0.5919378 0.3504299
0.08 0.056925 0.6116314 0.3741309
0.08 0.0594 0.6306078 0.3977031
0.08 0.061875 0.6489063 0.4211145
0.08 0.06435 0.6664492 0.4441886
0.08 0.066825 0.6832825 0.4669074
0.08 0.0693 0.6994658 0.4892836
0.08 0.071775 0.7148821 0.5110862
0.08 0.07425 0.7296956 0.532484
0.08 0.076725 0.7438494 0.5533391
0.08 0.0792 0.7573873 0.5736616
0.08 0.081675 0.7702479 0.5933068
0.08 0.08415 0.7824891 0.6123127
0.08 0.086625 0.7942369 0.6308347
0.08 0.0891 0.8053934 0.6486797
0.08 0.091575 0.8159822 0.6658473
0.08 0.09405 0.8260551 0.6823865
0.08 0.096525 0.8356395 0.6983117
0.08 0.099 0.8447433 0.7136088
0.08 0.102475 0.8567161 0.7339788
0.08 0.10495 0.8647594 0.7478241
0.08 0.107425 0.8723352 0.7609833
0.08 0.1099 0.8795434 0.7736106
0.08 0.112375 0.8863644 0.7856549
0.08 0.11485 0.8928117 0.7971252
0.08 0.117325 0.8988955 0.8080249
0.08 0.1198 0.9047172 0.8185243
0.08 0.122275 0.9101453 0.8283748
0.08 0.12475 0.9153031 0.8377897
0.08 0.127225 0.9202257 0.8468248
0.08 0.1297 0.9248142 0.8552902
0.08 0.132175 0.9291555 0.8633383
0.08 0.13465 0.9332726 0.8710057
0.08 0.137125 0.9371378 0.8782348
0.08 0.1396 0.9408384 0.8851839
0.08 0.142075 0.9442443 0.8916039
0.08 0.14455 0.9475094 0.8977805
0.08 0.147025 0.9505854 0.9036185
0.08 0.1495 0.9534901 0.9091489
0.08 0.151975 0.956215 0.9143523
0.08 0.15445 0.9587702 0.9192453
0.08 0.156925 0.9611914 0.9238937
0.08 0.1594 0.9635011 0.9283387
0.08 0.161875 0.9656495 0.9324831
0.08 0.16435 0.9676757 0.9364003
0.08 0.166825 0.9695961 0.9401202
0.08 0.1693 0.9713892 0.9436005
0.08 0.171775 0.9730726 0.9468736
0.08 0.17425 0.9746753 0.9499951
0.08 0.176725 0.976174 0.9529186
0.08 0.1792 0.9775763 0.9556582
0.08 0.181675 0.9789069 0.9582612
0.08 0.18415 0.9801671 0.9607299
0.08 0.186625 0.9813465 0.9630432
0.08 0.1891 0.9824654 0.9652405
0.08 0.191575 0.9834975 0.9672694
0.08 0.19405 0.9844977 0.9692375
0.08 0.196525 0.9853959 0.9710069
0.08 0.199 0.9862879 0.9727655
0.04 0.002475 0.06180416 0.003880279
0.04 0.00495 0.1231718 0.01523116
0.04 0.007425 0.1834932 0.03372882
0.04 0.0099 0.2425903 0.05890758
0.04 0.012375 0.2998599 0.08997135
0.04 0.01485 0.3550706 0.1261284
0.04 0.017325 0.4079714 0.1664913
0.04 0.0198 0.4581487 0.2099482
0.04 0.022275 0.5056334 0.2557105
0.04 0.02475 0.550229 0.3027947
0.04 0.027225 0.5919653 0.3504628
0.04 0.0297 0.630665 0.3977753
0.04 0.032175 0.6664649 0.4442093
0.04 0.03465 0.6994557 0.4892695
0.04 0.037125 0.7297441 0.5325547
0.04 0.0396 0.7573517 0.5736078
0.04 0.042075 0.782532 0.61238
0.04 0.04455 0.8053871 0.6486699
0.04 0.047025 0.8260558 0.6823876
0.04 0.0495 0.844706 0.713546
0.04 0.051975 0.861566 0.7423115
0.04 0.05445 0.8766519 0.7685327
0.04 0.056925 0.8902165 0.7924981
0.04 0.0594 0.9023707 0.8142841
0.04 0.061875 0.9132614 0.8340564
0.04 0.06435 0.9229427 0.8518322
0.04 0.066825 0.9316293 0.8679412
0.04 0.0693 0.9393613 0.8824068
0.04 0.071775 0.9462172 0.8953333
0.04 0.07425 0.9523353 0.9069481
0.04 0.076725 0.9577436 0.9172778
0.04 0.0792 0.9625851 0.9265744
0.04 0.081675 0.9668713 0.934844
0.04 0.08415 0.9706595 0.9421834
0.04 0.086625 0.9740288 0.9487352
0.04 0.0891 0.9770179 0.9545667
0.04 0.091575 0.9796862 0.9597874
0.04 0.09405 0.982024 0.9643732
0.04 0.096525 0.9840888 0.9684327
0.04 0.099 0.985936 0.9720716
0.04 0.102475 0.9881625 0.9764666
0.04 0.10495 0.989546 0.9792026
0.04 0.107425 0.990741 0.9815689
0.04 0.1099 0.9918244 0.9837165
0.04 0.112375 0.992768 0.9855891
0.04 0.11485 0.9936052 0.9872521
0.04 0.117325 0.9943496 0.9887318
0.04 0.1198 0.9950056 0.9900368
0.04 0.122275 0.9955825 0.991185
0.04 0.12475 0.9960949 0.9922055
0.04 0.127225 0.9965513 0.993115
0.04 0.1297 0.9969487 0.993907
0.04 0.132175 0.9973045 0.9946166
0.04 0.13465 0.9976159 0.9952378
0.04 0.137125 0.9978964 0.9957976
0.04 0.1396 0.9981403 0.9962842
0.04 0.142075 0.998356 0.9967149
0.04 0.14455 0.9985477 0.9970977
0.04 0.147025 0.9987154 0.9974325
0.04 0.1495 0.9988691 0.9977396
0.04 0.151975 0.9990004 0.9980019
0.04 0.15445 0.9991151 0.9982311
0.04 0.156925 0.9992174 0.9984355
0.04 0.1594 0.9993087 0.9986179
0.04 0.161875 0.9993872 0.9987748
0.04 0.16435 0.9994574 0.9989153
0.04 0.166825 0.9995228 0.9990458
0.04 0.1693 0.9995791 0.9991584
0.04 0.171775 0.9996275 0.9992551
0.04 0.17425 0.9996708 0.9993417
0.04 0.176725 0.9997103 0.9994207
0.04 0.1792 0.9997427 0.9994856
0.04 0.181675 0.9997732 0.9995465
0.04 0.18415 0.9997999 0.9995998
0.04 0.186625 0.9998228 0.9996457
0.04 0.1891 0.9998423 0.9996846
0.04 0.191575 0.9998617 0.9997235
0.04 0.19405 0.9998782 0.9997565
0.04 0.196525 0.9998916 0.9997833
0.04 0.199 0.9999044 0.9998089
0.02 0.002475 0.1231419 0.01522412
0.02 0.00495 0.2425667 0.05889604
0.02 0.007425 0.3551132 0.1261589
0.02 0.0099 0.4582125 0.210007
0.02 0.012375 0.5502221 0.3027869
0.02 0.01485 0.6306823 0.397797
0.02 0.017325 0.6994736 0.4892946
0.02 0.0198 0.7573696 0.5736348
0.02 0.022275 0.8054022 0.6486943
0.02 0.02475 0.8447566 0.7136313
0.02 0.027225 0.8767018 0.76862
0.02 0.0297 0.9024176 0.8143688
0.02 0.032175 0.9229779 0.8518972
0.02 0.03465 0.9393514 0.8823882
0.02 0.037125 0.9523362 0.9069499
0.02 0.0396 0.9625905 0.9265849
0.02 0.042075 0.970657 0.9421785
0.02 0.04455 0.9770261 0.9545827
0.02 0.047025 0.9820224 0.9643702
0.02 0.0495 0.9859273 0.9720544
0.02 0.051975 0.9890062 0.9781345
0.02 0.05445 0.9913985 0.9828721
0.02 0.056925 0.9932783 0.9866025
0.02 0.0594 0.9947505 0.9895292
0.02 0.061875 0.9958946 0.9918065
0.02 0.06435 0.9967956 0.9936018
0.02 0.066825 0.9974985 0.9950035
0.02 0.0693 0.9980493 0.9961027
0.02 0.071775 0.9984726 0.9969476
0.02 0.07425 0.9988097 0.997621
0.02 0.076725 0.9990657 0.9981324
0.02 0.0792 0.9992733 0.9985472
0.02 0.081675 0.99943 0.9988603
0.02 0.08415 0.9995582 0.9991166
0.02 0.086625 0.9996543 0.9993087
0.02 0.0891 0.9997311 0.9994623
0.02 0.091575 0.9997899 0.9995799
0.02 0.09405 0.9998349 0.9996698
0.02 0.096525 0.9998715 0.999743
0.02 0.099 0.9998996 0.9997991
0.02 0.102475 0.9999297 0.9998595
0.02 0.10495 0.9999441 0.9998882
0.02 0.107425 0.9999567 0.9999133
0.02 0.1099 0.9999666 0.9999331
0.02 0.112375 0.9999737 0.9999475
0.02 0.11485 0.999979 0.9999581
0.02 0.117325 0.9999837 0.9999674
0.02 0.1198 0.9999876 0.9999753
0.02 0.122275 0.9999901 0.9999802
0.02 0.12475 0.9999922 0.9999845
0.02 0.127225 0.9999938 0.9999876
0.02 0.1297 0.9999952 0.9999904
0.02 0.132175 0.9999962 0.9999924
0.02 0.13465 0.9999972 0.9999943
0.02 0.137125 0.9999977 0.9999955
0.02 0.1396 0.9999983 0.9999966
0.02 0.142075 0.9999986 0.9999973
0.02 0.14455 0.999999 0.9999979
0.02 0.147025 0.9999991 0.9999982
0.02 0.1495 0.9999994 0.9999987
0.02 0.151975 0.9999994 0.9999988
0.02 0.15445 0.9999995 0.9999991
0.02 0.156925 0.9999997 0.9999993
0.02 0.1594 0.9999997 0.9999993
0.02 0.161875 0.9999998 0.9999995
0.02 0.16435 0.9999997 0.9999995
0.02 0.166825 0.9999999 0.9999998
0.02 0.1693 0.9999999 0.9999998
0.02 0.171775 0.9999999 0.9999999
0.02 0.17425 0.9999999 0.9999999
0.02 0.176725 1 0.9999999
0.02 0.1792 1 0.9999999
0.02 0.181675 1 0.9999999
0.02 0.18415 1 1
0.02 0.186625 1 0.9999999
0.02 0.1891 1 1
0.02 0.191575 1 1
0.02 0.19405 1 1
0.02 0.196525 1 1
0.02 0.199 1 1
0.05 0.002475 0.04940695 0.002501523
0.05 0.00495 0.09864466 0.009791134
0.05 0.007425 0.1474651 0.02180538
0.05 0.0099 0.1954533 0.03826025
0.05 0.012375 0.2425413 0.05888371
0.05 0.01485 0.2885259 0.08330352
0.05 0.017325 0.3332885 0.1111361
0.05 0.0198 0.376515 0.141816
0.05 0.022275 0.4181497 0.1749004
0.05 0.02475 0.458165 0.2099631
0.05 0.027225 0.4963417 0.2464009
0.05 0.0297 0.5327907 0.2839099
0.05 0.032175 0.567267 0.3218334
0.05 0.03465 0.5999003 0.3599193
0.05 0.037125 0.6306539 0.3977611
0.05 0.0396 0.6595297 0.4350139
0.05 0.042075 0.6866039 0.4714572
0.05 0.04455 0.7118963 0.5068265
0.05 0.047025 0.7354279 0.5408823
0.05 0.0495 0.7573728 0.5736398
0.05 0.051975 0.7777161 0.6048663
0.05 0.05445 0.796531 0.634484
0.05 0.056925 0.8138932 0.6624427
0.05 0.0594 0.8299883 0.6888996
0.05 0.061875 0.8446964 0.7135295
0.05 0.06435 0.8583515 0.7367833
0.05 0.066825 0.870822 0.7583458
0.05 0.0693 0.8822909 0.7784509
0.05 0.071775 0.8928106 0.797123
0.05 0.07425 0.9023841 0.8143084
0.05 0.076725 0.9111917 0.8302806
0.05 0.0792 0.9192443 0.8450196
0.05 0.081675 0.92656 0.858522
0.05 0.08415 0.9332466 0.8709572
0.05 0.086625 0.9393459 0.882378
0.05 0.0891 0.9449261 0.8928919
0.05 0.091575 0.9499513 0.9024134
0.05 0.09405 0.9545801 0.9112286
0.05 0.096525 0.958763 0.9192314
0.05 0.099 0.9625784 0.9265615
0.05 0.102475 0.9673691 0.935807
0.05 0.10495 0.9703886 0.9416577
0.05 0.107425 0.9731538 0.9470315
0.05 0.1099 0.9756482 0.9518924
0.05 0.112375 0.9779245 0.9563389
0.05 0.11485 0.9799787 0.9603608
0.05 0.117325 0.9818497 0.9640311
0.05 0.1198 0.9835465 0.9673656
0.05 0.122275 0.9850816 0.9703876
0.05 0.12475 0.9864744 0.9731334
0.05 0.127225 0.9877464 0.9756445
0.05 0.1297 0.9888956 0.9779159
0.05 0.132175 0.9899428 0.9799879
0.05 0.13465 0.9908799 0.9818441
0.05 0.137125 0.9917362 0.9835416
0.05 0.1396 0.9925085 0.985074
0.05 0.142075 0.9932172 0.9864812
0.05 0.14455 0.9938582 0.9877548
0.05 0.147025 0.9944325 0.9888966
0.05 0.1495 0.9949558 0.9899376
0.05 0.151975 0.9954291 0.9908796
0.05 0.15445 0.9958612 0.99174
0.05 0.156925 0.9962487 0.9925118
0.05 0.1594 0.9966037 0.9932194
0.05 0.161875 0.9969195 0.9938489
0.05 0.16435 0.9972103 0.9944287
0.05 0.166825 0.997476 0.9949586
0.05 0.1693 0.9977102 0.995426
0.05 0.171775 0.997924 0.9958526
0.05 0.17425 0.9981251 0.9962538
0.05 0.176725 0.9983023 0.9966076
0.05 0.1792 0.9984613 0.9969252
0.05 0.181675 0.9986062 0.9972145
0.05 0.18415 0.9987331 0.9974679
0.05 0.186625 0.9988553 0.997712
0.05 0.1891 0.9989639 0.997929
0.05 0.191575 0.9990608 0.9981225
0.05 0.19405 0.9991484 0.9982976
0.05 0.196525 0.9992296 0.9984599
0.05 0.199 0.9993026 0.9986057
0.03 0.002475 0.08228405 0.006831038
0.03 0.00495 0.1635179 0.02679757
0.03 0.007425 0.2426022 0.05891264
0.03 0.0099 0.3185296 0.101516
0.03 0.012375 0.3906171 0.1526331
0.03 0.01485 0.4581598 0.2099593
0.03 0.017325 0.5208147 0.2712924
0.03 0.0198 0.5783299 0.3345061
0.03 0.022275 0.6306304 0.3977313
0.03 0.02475 0.6777852 0.4594256
0.03 0.027225 0.719971 0.5183875
0.03 0.0297 0.7574009 0.573682
0.03 0.032175 0.7904402 0.6248186
0.03 0.03465 0.8193783 0.671401
0.03 0.037125 0.8447489 0.713618
0.03 0.0396 0.8667867 0.7513344
0.03 0.042075 0.8858605 0.784762
0.03 0.04455 0.9023886 0.8143165
0.03 0.047025 0.9166289 0.8402184
0.03 0.0495 0.9288437 0.8627589
0.03 0.051975 0.9393605 0.8824054
0.03 0.05445 0.948316 0.8993093
0.03 0.056925 0.9560231 0.9139854
0.03 0.0594 0.9625826 0.9265698
0.03 0.061875 0.9681767 0.93737
0.03 0.06435 0.9729572 0.946649
0.03 0.066825 0.9770369 0.954604
0.03 0.0693 0.9804751 0.9613337
0.03 0.071775 0.983434 0.9671444
0.03 0.07425 0.98592 0.9720399
0.03 0.076725 0.9880577 0.9762594
0.03 0.0792 0.9898624 0.9798288
0.03 0.081675 0.9914042 0.9828834
0.03 0.08415 0.9927034 0.9854609
0.03 0.086625 0.9938096 0.9876583
0.03 0.0891 0.9947462 0.9895206
0.03 0.091575 0.9955509 0.9911221
0.03 0.09405 0.9962222 0.9924591
0.03 0.096525 0.996796 0.9936028
0.03 0.099 0.9972818 0.9945713
0.03 0.102475 0.9978472 0.9956993
0.03 0.10495 0.9981725 0.9963487
0.03 0.107425 0.9984499 0.9969023
0.03 0.1099 0.9986866 0.9973751
0.03 0.112375 0.9988871 0.9977756
0.03 0.11485 0.9990535 0.9981079
0.03 0.117325 0.9991981 0.998397
0.03 0.1198 0.9993207 0.998642
0.03 0.122275 0.9994222 0.9988448
0.03 0.12475 0.9995116 0.9990236
0.03 0.127225 0.9995857 0.9991717
0.03 0.1297 0.9996508 0.9993017
0.03 0.132175 0.9997037 0.9994075
0.03 0.13465 0.999747 0.9994941
0.03 0.137125 0.9997863 0.9995728
0.03 0.1396 0.9998188 0.9996376
0.03 0.142075 0.9998461 0.9996923
0.03 0.14455 0.9998682 0.9997365
0.03 0.147025 0.9998893 0.9997787
0.03 0.1495 0.9999066 0.9998132
0.03 0.151975 0.9999204 0.9998407
0.03 0.15445 0.9999317 0.9998634
0.03 0.156925 0.9999427 0.9998855
0.03 0.1594 0.9999514 0.9999027
0.03 0.161875 0.9999589 0.9999177
0.03 0.16435 0.9999649 0.9999298
0.03 0.166825 0.9999705 0.9999411
0.03 0.1693 0.9999752 0.9999504
0.03 0.171775 0.9999787 0.9999574
0.03 0.17425 0.9999817 0.9999634
0.03 0.176725 0.9999849 0.9999697
0.03 0.1792 0.9999873 0.9999746
0.03 0.181675 0.9999889 0.9999779
0.03 0.18415 0.9999908 0.9999816
0.03 0.186625 0.9999919 0.9999839
0.03 0.1891 0.9999931 0.9999863
0.03 0.191575 0.9999943 0.9999886
0.03 0.19405 0.9999951 0.9999903
0.03 0.196525 0.9999958 0.9999917
0.03 0.199 0.9999963 0.9999927
