 temp ave_energy ave_energy^2 C_v
   5.00000000     -0.429839998       1.21774006       4.13191058E-02
   4.90000010     -0.439539999       1.23080003       4.32155132E-02
   4.80000019     -0.447710007       1.23993003       4.51165698E-02
   4.69999981     -0.451640010       1.23373997       4.66166325E-02
   4.59999990     -0.469419986       1.25520003       4.89057191E-02
   4.50000000     -0.485150009       1.28813004       5.19881248E-02
   4.40000010     -0.502799988       1.30148005       5.41669503E-02
   4.30000019     -0.512350023       1.31184995       5.67521527E-02
   4.19999981     -0.527949989       1.33036995       5.96167147E-02
   4.09999990     -0.539170027       1.33668995       6.22240156E-02
   4.00000000     -0.574869990       1.39943004       6.68096542E-02
   3.90000010     -0.582390010       1.39972997       6.97272643E-02
   3.79999995     -0.597450018       1.41867006       7.35265613E-02
   3.69999981     -0.620329976       1.44766998       7.76377544E-02
   3.59999990     -0.629029989       1.44240999       8.07663053E-02
   3.50000000     -0.657920003       1.48101997       8.55641887E-02
   3.40000010     -0.696169972       1.55525005       9.26122218E-02
   3.29999995     -0.722289979       1.59092999       9.81843248E-02
   3.19999981     -0.746339977       1.61987996      0.103794619    
   3.09999990     -0.786979973       1.68426001      0.110814020    
   3.00000000     -0.827130020       1.75050998      0.118485115    
   2.89999986     -0.845409989       1.76195002      0.124522224    
   2.79999995     -0.920360029       1.90460002      0.134889975    
   2.70000005     -0.980189979       2.01097012      0.144060031    
   2.59999990      -1.12915003       2.32314992      0.155054748    
   2.50000000      -1.07009006       2.15108991      0.160959557    
   2.39999986      -1.23313999       2.49837995      0.169747531    
   2.29999995      -1.44536996       2.95432997      0.163560614    
   2.20000005      -1.54383004       3.14376998      0.157098919    
   2.09999990      -1.66120994       3.38115001      0.140936866    
   2.00000000      -1.74521005       3.55018997      0.126107991    
   1.89999986      -1.82368004       3.70176005      0.104141571    
   1.79999995      -1.86208999       3.76411009       9.15836468E-02
   1.70000005      -1.90559006       3.84801006       7.49953389E-02
   1.59999990      -1.93048000       3.88547993       6.20027222E-02
   1.50000000      -1.95210004       3.92215991       4.95402068E-02
   1.39999986      -1.97262001       3.95842004       3.42808291E-02
   1.29999995      -1.98144996       3.96947002       2.56367698E-02
   1.20000005      -1.99019003       3.98382998       1.59538444E-02
   1.09999990      -1.99546003       3.99381995       9.88373253E-03
   1.00000000      -1.99795997       3.99681997       4.97603416E-03
