 temp ave_magnetization ave_magnetization^2 susceptibility
   5.00000000       1.73201729E-02   8.54347367E-03   1.64869707E-03
   4.90000010       4.39066952E-03   7.37357931E-03   1.50087778E-03
   4.80000019       6.12935238E-03   8.10682029E-03   1.68109406E-03
   4.69999981       1.92029658E-03   6.92031486E-03   1.47162285E-03
   4.59999990       1.94174275E-02   7.70007400E-03   1.59196474E-03
   4.50000000       9.07669775E-03   9.22324322E-03   2.03130138E-03
   4.40000010       1.02349082E-02   6.38284907E-03   1.42683985E-03
   4.30000019       1.70935504E-02   1.06982142E-02   2.42000562E-03
   4.19999981       3.63543667E-02   1.01535767E-02   2.10284232E-03
   4.09999990       5.40890452E-03   1.11515652E-02   2.71275826E-03
   4.00000000       1.71405487E-02   9.99116618E-03   2.42434186E-03
   3.90000010       3.37501336E-03   8.20833724E-03   2.10178085E-03
   3.79999995       9.29851364E-03   1.24177458E-02   3.24507477E-03
   3.69999981       4.53281477E-02   1.78918857E-02   4.28033667E-03
   3.59999990       1.03669344E-02   1.33893192E-02   3.68940178E-03
   3.50000000       2.26119999E-02   1.58177558E-02   4.37327242E-03
   3.40000010       1.27098328E-02   2.00037509E-02   5.83594432E-03
   3.29999995       2.77160052E-02   2.39104498E-02   7.01281009E-03
   3.19999981       4.55154888E-02   1.84291229E-02   5.11170784E-03
   3.09999990       3.53243351E-02   2.77685896E-02   8.55509099E-03
   3.00000000       7.98285007E-03   5.32701276E-02   1.77354682E-02
   2.89999986       2.87557617E-02   1.79425143E-02   5.90193830E-03
   2.79999995       5.77405952E-02   2.87881549E-02   9.09077842E-03
   2.70000005      0.222852319       8.39254409E-02   1.26897348E-02
   2.59999990      0.458944619      0.244594201       1.30630918E-02
   2.50000000      0.133738488       5.78022152E-02   1.59664936E-02
   2.39999986      0.456771553      0.287022531       3.26592848E-02
   2.29999995      0.743700027      0.560910761       3.40044522E-03
   2.20000005      0.803352654      0.650392771       2.28058198E-03
   2.09999990      0.874405801      0.767173529       1.23239704E-03
   2.00000000      0.914244235      0.836691320       4.24385071E-04
   1.89999986      0.945783257      0.894975543       2.47139687E-04
   1.79999995      0.957724035      0.917427361       1.06692321E-04
   1.70000005      0.974117577      0.949100554       1.15001894E-04
   1.59999990      0.980697036      0.961825073       3.65078486E-05
   1.50000000      0.986408412      0.973364532       2.41994858E-04
   1.39999986      0.992678642      0.985615790       1.46371996E-04
   1.29999995      0.994945526      0.990240693       2.49284960E-04
   1.20000005      0.997242212      0.994837642       2.87989766E-04
   1.09999990      0.998763978      0.997609079       7.23383710E-05
   1.00000000      0.999425292      0.998893738       4.27961349E-05
