      1   10486   10486 0.000587         -664.000
      2   11036   11036 0.000031      -140084.000
      3   12136   12136 0.001328      -186068.000
      4   12772   12772 0.000916      -208388.000
      5   14286   14286 0.000435      -222644.000
      6   14398   14398 0.001854      -233072.000
      7   15686   15686 0.000450      -239280.000
      8   16618   16618 0.001488      -244516.000
      9   16824   16824 0.000244      -247604.000
     10   17940   17940 0.000870      -250972.000
     11   18660   18660 0.001068      -253072.000
     12   17960   17960 0.001205      -253500.000
     13   17422   17422 0.000099      -254356.000
     14   17252   17252 0.001633      -255880.000
     15   17804   17804 0.001007      -258324.000
     16   17248   17248 0.000168      -259496.000
     17   17006   17006 0.000435      -260236.000
     18   16814   16814 0.000313      -259808.000
     19   17130   17130 0.001122      -260692.000
     20   17684   17684 0.000519      -261120.000
     21   18634   18634 0.000740      -261940.000
     22   18672   18672 0.000885      -262696.000
     23   17664   17664 0.000305      -262496.000
     24   18060   18060 0.000595      -262604.000
     25   17868   17868 0.000275      -263328.000
     26   17528   17528 0.000534      -264276.000
     27   17412   17412 0.002365      -264416.000
     28   17454   17454 0.000435      -263836.000
     29   18258   18258 0.000496      -263932.000
     30   18574   18574 0.001366      -264476.000
     31   19178   19178 0.000786      -264960.000
     32   18756   18756 0.000885      -264688.000
     33   18292   18292 0.000763      -264672.000
     34   18222   18222 0.000252      -264688.000
     35   18444   18444 0.000397      -265784.000
     36   18324   18324 0.000381      -266300.000
     37   17940   17940 0.001648      -266048.000
     38   17696   17696 0.001068      -265340.000
     39   17696   17696 0.000275      -265344.000
     40   18828   18828 0.000290      -266224.000
     41   19286   19286 0.000359      -266352.000
     42   17920   17920 0.001022      -265804.000
     43   17648   17648 0.000427      -265596.000
     44   17596   17596 0.000854      -265700.000
     45   17776   17776 0.000046      -267100.000
     46   17794   17794 0.000465      -267276.000
     47   17336   17336 0.001266      -267080.000
     48   17828   17828 0.000214      -266608.000
     49   17966   17966 0.000542      -266300.000
     50   18502   18502 0.000694      -266396.000
     51   18946   18946 0.000389      -266800.000
     52   17958   17958 0.000359      -266652.000
     53   17866   17866 0.000389      -265724.000
     54   17278   17278 0.000420      -266804.000
     55   18098   18098 0.000114      -267620.000
     56   18014   18014 0.001472      -267824.000
     57   17586   17586 0.001518      -266548.000
     58   17464   17464 0.000519      -266088.000
     59   17932   17932 0.000061      -266876.000
     60   18478   18478 0.000221      -266636.000
     61   18776   18776 0.000519      -267048.000
     62   18966   18966 0.001076      -267028.000
     63   18144   18144 0.001999      -266400.000
     64   17998   17998 0.000435      -267108.000
     65   18484   18484 0.000153      -268076.000
     66   18140   18140 0.001923      -268260.000
     67   17652   17652 0.001389      -267564.000
     68   17524   17524 0.000015      -267508.000
     69   18138   18138 0.000267      -267200.000
     70   18194   18194 0.001122      -267124.000
     71   18788   18788 0.000305      -266796.000
     72   17778   17778 0.000069      -267452.000
     73   17486   17486 0.000557      -267220.000
     74   17684   17684 0.000427      -267800.000
     75   17768   17768 0.000488      -267608.000
     76   17596   17596 0.001572      -268024.000
     77   17730   17730 0.000710      -267252.000
     78   17080   17080 0.000809      -267204.000
     79   18422   18422 0.000450      -267404.000
     80   18846   18846 0.000923      -267004.000
     81   18996   18996 0.000473      -267520.000
     82   18088   18088 0.000595      -267788.000
     83   17680   17680 0.001038      -267364.000
     84   17774   17774 0.000832      -267820.000
     85   17682   17682 0.000664      -267852.000
     86   17382   17382 0.000801      -267644.000
     87   17360   17360 0.000015      -267624.000
     88   17284   17284 0.000336      -267424.000
     89   17734   17734 0.000801      -267048.000
     90   18324   18324 0.002151      -267112.000
     91   18734   18734 0.000450      -267332.000
     92   18132   18132 0.001068      -267236.000
     93   17220   17220 0.000259      -267088.000
     94   17730   17730 0.000694      -267284.000
     95   17114   17114 0.001625      -267504.000
     96   17074   17074 0.000862      -267644.000
     97   16874   16874 0.000099      -267096.000
     98   16584   16584 0.000641      -266936.000
     99   17694   17694 0.001427      -267556.000
    100   18366   18366 0.001884      -267860.000
    101   18566   18566 0.000313      -267560.000
    102   18152   18152 0.000595      -267040.000
    103   18016   18016 0.000259      -267168.000
    104   17910   17910 0.000084      -268096.000
    105   17908   17908 0.000748      -268184.000
    106   18174   18174 0.001137      -267856.000
    107   17972   17972 0.001343      -267532.000
    108   17676   17676 0.001892      -267364.000
    109   17912   17912 0.000412      -267280.000
    110   18312   18312 0.001144      -267200.000
    111   17836   17836 0.000397      -267616.000
    112   17082   17082 0.000343      -267432.000
    113   16890   16890 0.000359      -266764.000
    114   17234   17234 0.000618      -267716.000
    115   17034   17034 0.000298      -268180.000
    116   17068   17068 0.001846      -267792.000
    117   16626   16626 0.000160      -267372.000
    118   17234   17234 0.001076      -267100.000
    119   18044   18044 0.001312      -267412.000
    120   19090   19090 0.000160      -267372.000
    121   18544   18544 0.000687      -267428.000
    122   18434   18434 0.000786      -267344.000
    123   18620   18620 0.000351      -266996.000
    124   18634   18634 0.000450      -268036.000
    125   18466   18466 0.000160      -268592.000
    126   18128   18128 0.001144      -268248.000
    127   17854   17854 0.000969      -267592.000
    128   17822   17822 0.000633      -267568.000
    129   18438   18438 0.000618      -267676.000
    130   18698   18698 0.000526      -268040.000
    131   17894   17894 0.000435      -267272.000
    132   17846   17846 0.000496      -266852.000
    133   17268   17268 0.000198      -267212.000
    134   17668   17668 0.000015      -268264.000
    135   17456   17456 0.000122      -268112.000
    136   17312   17312 0.001801      -267752.000
    137   17274   17274 0.000130      -267128.000
    138   17768   17768 0.000366      -267440.000
    139   18344   18344 0.000305      -267308.000
    140   19212   19212 0.000534      -267508.000
    141   18130   18130 0.000008      -267308.000
    142   18144   18144 0.000839      -266816.000
    143   17770   17770 0.000099      -267248.000
    144   18522   18522 0.000206      -268284.000
    145   18148   18148 0.000671      -268492.000
    146   17860   17860 0.000946      -267500.000
    147   17902   17902 0.000404      -267400.000
    148   17982   17982 0.000664      -267472.000
    149   18306   18306 0.000496      -267308.000
    150   18590   18590 0.000847      -267544.000
    151   18502   18502 0.001259      -267776.000
    152   17742   17742 0.001472      -267300.000
    153   17576   17576 0.000702      -267796.000
    154   18218   18218 0.000374      -268504.000
    155   17948   17948 0.001266      -268456.000
    156   17814   17814 0.001503      -267884.000
    157   17310   17310 0.000008      -267504.000
    158   18166   18166 0.000587      -267584.000
    159   18764   18764 0.000488      -267532.000
    160   19506   19506 0.001106      -267140.000
    161   18488   18488 0.000107      -267484.000
    162   17924   17924 0.001007      -267192.000
    163   17932   17932 0.000168      -268264.000
    164   17748   17748 0.000092      -268044.000
    165   17736   17736 0.000244      -268344.000
    166   17806   17806 0.000084      -268152.000
    167   17210   17210 0.000237      -267660.000
    168   18034   18034 0.000282      -268072.000
    169   18372   18372 0.001556      -267408.000
    170   18760   18760 0.000290      -267704.000
    171   17708   17708 0.000214      -267768.000
    172   17676   17676 0.001389      -267688.000
    173   18050   18050 0.000481      -267920.000
    174   17746   17746 0.001366      -267900.000
    175   17460   17460 0.001068      -267740.000
    176   17112   17112 0.000931      -267364.000
    177   17328   17328 0.000504      -267504.000
    178   18246   18246 0.000481      -267584.000
    179   18968   18968 0.002136      -267580.000
    180   19588   19588 0.000519      -267936.000
    181   18926   18926 0.000526      -267496.000
    182   18620   18620 0.000458      -267516.000
    183   18548   18548 0.000549      -268080.000
    184   18324   18324 0.001495      -268404.000
    185   17768   17768 0.001099      -268024.000
    186   17568   17568 0.000168      -267572.000
    187   17594   17594 0.001472      -267604.000
    188   17902   17902 0.001122      -267756.000
    189   18356   18356 0.001877      -267728.000
    190   18538   18538 0.000572      -267464.000
    191   17560   17560 0.001251      -267132.000
    192   17484   17484 0.000000      -267000.000
    193   17570   17570 0.000206      -268200.000
    194   17342   17342 0.000099      -268124.000
    195   17686   17686 0.001778      -268256.000
    196   17378   17378 0.001198      -267496.000
    197   17840   17840 0.001953      -267372.000
    198   18162   18162 0.000923      -267904.000
    199   18860   18860 0.000626      -267664.000
    200   18342   18342 0.001106      -268000.000
    201   17886   17886 0.000191      -267724.000
    202   17760   17760 0.000214      -267256.000
    203   17880   17880 0.000641      -268132.000
    204   17934   17934 0.001076      -268548.000
    205   17418   17418 0.001320      -268020.000
    206   17434   17434 0.000130      -267524.000
    207   17988   17988 0.000488      -267332.000
    208   18454   18454 0.000923      -267660.000
    209   18956   18956 0.000259      -267668.000
    210   18034   18034 0.000542      -267460.000
    211   17832   17832 0.000961      -267220.000
    212   17708   17708 0.000778      -267172.000
    213   18240   18240 0.000107      -268008.000
    214   17784   17784 0.000183      -268328.000
    215   17622   17622 0.001518      -268084.000
    216   17270   17270 0.000938      -267312.000
    217   17544   17544 0.000580      -267684.000
    218   18342   18342 0.000969      -267788.000
    219   18902   18902 0.000893      -268076.000
    220   17812   17812 0.000656      -267288.000
    221   17870   17870 0.000481      -267052.000
    222   17634   17634 0.000267      -267416.000
    223   18160   18160 0.000443      -268732.000
    224   17938   17938 0.000099      -268188.000
    225   17794   17794 0.001152      -268048.000
    226   18082   18082 0.000038      -267788.000
    227   18360   18360 0.000595      -267692.000
    228   18372   18372 0.000565      -267936.000
    229   19086   19086 0.000786      -267948.000
    230   18158   18158 0.000404      -267640.000
    231   17670   17670 0.001335      -267180.000
    232   17320   17320 0.000687      -267636.000
    233   17746   17746 0.000206      -268824.000
    234   17700   17700 0.001221      -268784.000
    235   17310   17310 0.000694      -267680.000
    236   17008   17008 0.000580      -267192.000
    237   17902   17902 0.000114      -267764.000
    238   18480   18480 0.000046      -267464.000
    239   19168   19168 0.000244      -267808.000
    240   18906   18906 0.001350      -267644.000
    241   18240   18240 0.001450      -267128.000
    242   18096   18096 0.000381      -267964.000
    243   18380   18380 0.000153      -268464.000
    244   17816   17816 0.001129      -268468.000
    245   17586   17586 0.001198      -268200.000
    246   17456   17456 0.000153      -268460.000
    247   18106   18106 0.000023      -268328.000
    248   18164   18164 0.000641      -267804.000
    249   19046   19046 0.000801      -267268.000
    250   18270   18270 0.000175      -267620.000
    251   17764   17764 0.000275      -267200.000
    252   18286   18286 0.000237      -267972.000
    253   18050   18050 0.000160      -267684.000
    254   17828   17828 0.000961      -268012.000
    255   17988   17988 0.000565      -267900.000
    256   17412   17412 0.000275      -267384.000
    257   18410   18410 0.000038      -268068.000
    258   19284   19284 0.001160      -267352.000
    259   19318   19318 0.000481      -267796.000
    260   18254   18254 0.000908      -267576.000
    261   18144   18144 0.000763      -267612.000
    262   18586   18586 0.000710      -268036.000
    263   18272   18272 0.001312      -268268.000
    264   17884   17884 0.000687      -267848.000
    265   17742   17742 0.000008      -267720.000
    266   17890   17890 0.001030      -267956.000
    267   18056   18056 0.000641      -267612.000
    268   18220   18220 0.001572      -267996.000
    269   18802   18802 0.000221      -268112.000
    270   18046   18046 0.000877      -267328.000
    271   17684   17684 0.000214      -267196.000
    272   18110   18110 0.000572      -268148.000
    273   17930   17930 0.001762      -267984.000
    274   17988   17988 0.001236      -267700.000
    275   17962   17962 0.000481      -267288.000
    276   17884   17884 0.000961      -267396.000
    277   18960   18960 0.001724      -267708.000
    278   19456   19456 0.001755      -267616.000
    279   19312   19312 0.000778      -267444.000
    280   18310   18310 0.001167      -267028.000
    281   18384   18384 0.000793      -267204.000
    282   18104   18104 0.000336      -268208.000
    283   17588   17588 0.000671      -268480.000
    284   18060   18060 0.001144      -267984.000
    285   17956   17956 0.001297      -267576.000
    286   18102   18102 0.002159      -267396.000
    287   18084   18084 0.000839      -267672.000
    288   19022   19022 0.000893      -267684.000
    289   18288   18288 0.001099      -267996.000
    290   17664   17664 0.000290      -267568.000
    291   17522   17522 0.001259      -266740.000
    292   18060   18060 0.000519      -267692.000
    293   17644   17644 0.001007      -268268.000
    294   17466   17466 0.001625      -267700.000
    295   17178   17178 0.000542      -266960.000
    296   18076   18076 0.000870      -267184.000
    297   18690   18690 0.000893      -267868.000
    298   19642   19642 0.000511      -267872.000
    299   19026   19026 0.000938      -267624.000
    300   18906   18906 0.000404      -267636.000
    301   18938   18938 0.000847      -267136.000
    302   19068   19068 0.000565      -268236.000
    303   18720   18720 0.000076      -268620.000
    304   18238   18238 0.001137      -268268.000
    305   18106   18106 0.001198      -267396.000
    306   18148   18148 0.000885      -267816.000
    307   18518   18518 0.000099      -267880.000
    308   19102   19102 0.001457      -268064.000
    309   17900   17900 0.000793      -267328.000
    310   17972   17972 0.000534      -267164.000
    311   17528   17528 0.001038      -267672.000
    312   18116   18116 0.000610      -268828.000
    313   17986   17986 0.000069      -268340.000
    314   17664   17664 0.001205      -267960.000
    315   17714   17714 0.000435      -267616.000
    316   17694   17694 0.000420      -267732.000
    317   18120   18120 0.000061      -267688.000
    318   18878   18878 0.000877      -267980.000
    319   18056   18056 0.000061      -267292.000
    320   17980   17980 0.001251      -266816.000
    321   17654   17654 0.000618      -267700.000
    322   18072   18072 0.000305      -268580.000
    323   18030   18030 0.000420      -268784.000
    324   17506   17506 0.000786      -268000.000
    325   17346   17346 0.000252      -267736.000
    326   17638   17638 0.000771      -268016.000
    327   17860   17860 0.000168      -267792.000
    328   18570   18570 0.000008      -268008.000
    329   18458   18458 0.001579      -267912.000
    330   17786   17786 0.001076      -267456.000
    331   17972   17972 0.000153      -267920.000
    332   18198   18198 0.000130      -268308.000
    333   17848   17848 0.001450      -268648.000
    334   17570   17570 0.001427      -267880.000
    335   17046   17046 0.000069      -267768.000
    336   17930   17930 0.000542      -267868.000
    337   18504   18504 0.000275      -267320.000
    338   19126   19126 0.001320      -266900.000
    339   18482   18482 0.000771      -267572.000
    340   18024   18024 0.000778      -267072.000
    341   18440   18440 0.000702      -268032.000
    342   18194   18194 0.000404      -268052.000
    343   17638   17638 0.000328      -268428.000
    344   17876   17876 0.000015      -268544.000
    345   17586   17586 0.000237      -267860.000
    346   18200   18200 0.000153      -268208.000
    347   18588   18588 0.001312      -267288.000
    348   18926   18926 0.001030      -267564.000
    349   18090   18090 0.000252      -267412.000
    350   17864   17864 0.001022      -267688.000
    351   18160   18160 0.000443      -267968.000
    352   17850   17850 0.001213      -267988.000
    353   17780   17780 0.001251      -267976.000
    354   17734   17734 0.000465      -267668.000
    355   17466   17466 0.000343      -267548.000
    356   18680   18680 0.000473      -267820.000
    357   19094   19094 0.002357      -267744.000
    358   19670   19670 0.000175      -267584.000
    359   18698   18698 0.000725      -267080.000
    360   18538   18538 0.000084      -266988.000
    361   18560   18560 0.000519      -268012.000
    362   18398   18398 0.002510      -268176.000
    363   18084   18084 0.001038      -267996.000
    364   17858   17858 0.000008      -267640.000
    365   17536   17536 0.001480      -267568.000
    366   18212   18212 0.001556      -267640.000
    367   18660   18660 0.001984      -267528.000
    368   18910   18910 0.000786      -267696.000
    369   17882   17882 0.000481      -267192.000
    370   17890   17890 0.000298      -267524.000
    371   18202   18202 0.000145      -268164.000
    372   17720   17720 0.000183      -268160.000
    373   17858   17858 0.001595      -268216.000
    374   17384   17384 0.001221      -267420.000
    375   17726   17726 0.001823      -267204.000
    376   17954   17954 0.001610      -267792.000
    377   18846   18846 0.000389      -267836.000
    378   18166   18166 0.000923      -267976.000
    379   17558   17558 0.000252      -267604.000
    380   17932   17932 0.001099      -266816.000
    381   17830   17830 0.000740      -268164.000
    382   17420   17420 0.000031      -268592.000
    383   17318   17318 0.000969      -267788.000
    384   16842   16842 0.000359      -267468.000
    385   17592   17592 0.000656      -267596.000
    386   17730   17730 0.000374      -267664.000
    387   18712   18712 0.000061      -268112.000
    388   17582   17582 0.000542      -267872.000
    389   17492   17492 0.000214      -267892.000
    390   17196   17196 0.000793      -267364.000
    391   17722   17722 0.000954      -267956.000
    392   17240   17240 0.000259      -268412.000
    393   17308   17308 0.001923      -268316.000
    394   17250   17250 0.000237      -267500.000
    395   17364   17364 0.000381      -267484.000
    396   18148   18148 0.001099      -267980.000
    397   19076   19076 0.001282      -267964.000
    398   18182   18182 0.000511      -267584.000
    399   18198   18198 0.000877      -267040.000
    400   18264   18264 0.000336      -267752.000
    401   18496   18496 0.000275      -268676.000
    402   18526   18526 0.000359      -268400.000
    403   18080   18080 0.000931      -268456.000
    404   18260   18260 0.000168      -267832.000
    405   18004   18004 0.000549      -267828.000
    406   18310   18310 0.000404      -267864.000
    407   19070   19070 0.000847      -267740.000
    408   18178   18178 0.000084      -267360.000
    409   17732   17732 0.000870      -266884.000
    410   17520   17520 0.000198      -267576.000
    411   17834   17834 0.000969      -268540.000
    412   17770   17770 0.000542      -268700.000
    413   17282   17282 0.001183      -267576.000
    414   17218   17218 0.000679      -267600.000
    415   17644   17644 0.000198      -268224.000
    416   18346   18346 0.000343      -267684.000
    417   18876   18876 0.000870      -267772.000
    418   18524   18524 0.000900      -267812.000
    419   18248   18248 0.001007      -267312.000
    420   18574   18574 0.000542      -267972.000
    421   18750   18750 0.000450      -268580.000
    422   18298   18298 0.001640      -268600.000
    423   17808   17808 0.000900      -268248.000
    424   17738   17738 0.000038      -268476.000
    425   18076   18076 0.000488      -268144.000
    426   18204   18204 0.000366      -267692.000
    427   18976   18976 0.001007      -267956.000
    428   17962   17962 0.000526      -268256.000
    429   17614   17614 0.000008      -267752.000
    430   18248   18248 0.000275      -268320.000
    431   18084   18084 0.000061      -268056.000
    432   17984   17984 0.000793      -268276.000
    433   18002   18002 0.000404      -268068.000
    434   17360   17360 0.000580      -267620.000
    435   18242   18242 0.000420      -267724.000
    436   19036   19036 0.002090      -267324.000
    437   19086   19086 0.000648      -267696.000
    438   18090   18090 0.000145      -267264.000
    439   17828   17828 0.000809      -267324.000
    440   18018   18018 0.001442      -267780.000
    441   17446   17446 0.000954      -268208.000
    442   17536   17536 0.000595      -267356.000
    443   17556   17556 0.000717      -267672.000
    444   17164   17164 0.001007      -267944.000
    445   17966   17966 0.000511      -267908.000
    446   18074   18074 0.001945      -268128.000
    447   18818   18818 0.000084      -267916.000
    448   18188   18188 0.000458      -267572.000
    449   18034   18034 0.000710      -267236.000
    450   18232   18232 0.000641      -268296.000
    451   17834   17834 0.001045      -268028.000
    452   17548   17548 0.001556      -268088.000
    453   17408   17408 0.000427      -267548.000
    454   17352   17352 0.001343      -267124.000
    455   18026   18026 0.001503      -267448.000
    456   18708   18708 0.001892      -267580.000
    457   18790   18790 0.000389      -267480.000
    458   18172   18172 0.000565      -267192.000
    459   18348   18348 0.000992      -267228.000
    460   18338   18338 0.000908      -268428.000
    461   17712   17712 0.000763      -268636.000
    462   17960   17960 0.000870      -268336.000
    463   17498   17498 0.001503      -267764.000
    464   17890   17890 0.002022      -267348.000
    465   18016   18016 0.001495      -267568.000
    466   18664   18664 0.000107      -267864.000
    467   18032   18032 0.001053      -267988.000
    468   17300   17300 0.000626      -267492.000
    469   17228   17228 0.000977      -267068.000
    470   17598   17598 0.000664      -268300.000
    471   17362   17362 0.000252      -268348.000
    472   17338   17338 0.001976      -267896.000
    473   16890   16890 0.000633      -267488.000
    474   17538   17538 0.000771      -267408.000
    475   18522   18522 0.000771      -267652.000
    476   19454   19454 0.000191      -267932.000
    477   18540   18540 0.000137      -267540.000
    478   18324   18324 0.000534      -267268.000
    479   18398   18398 0.000038      -267176.000
    480   18282   18282 0.000252      -268224.000
    481   18128   18128 0.000015      -268544.000
    482   17928   17928 0.001709      -268400.000
    483   17484   17484 0.000366      -267656.000
    484   17464   17464 0.000687      -267808.000
    485   18122   18122 0.000572      -267660.000
    486   18764   18764 0.000595      -268052.000
    487   17388   17388 0.000366      -267476.000
    488   17564   17564 0.001068      -267496.000
    489   16974   16974 0.000267      -267708.000
    490   17892   17892 0.000549      -268448.000
    491   17772   17772 0.000244      -268288.000
    492   17422   17422 0.001183      -267964.000
    493   17610   17610 0.000572      -267460.000
    494   17768   17768 0.000305      -267760.000
    495   18104   18104 0.000015      -267760.000
    496   18904   18904 0.000961      -268136.000
    497   18526   18526 0.000679      -267384.000
    498   18074   18074 0.001747      -266848.000
    499   18062   18062 0.000496      -267348.000
    500   18446   18446 0.000496      -268544.000
    501   18230   18230 0.001122      -268584.000
    502   17734   17734 0.001106      -267912.000
    503   17568   17568 0.000610      -267768.000
    504   17736   17736 0.000320      -268028.000
    505   18128   18128 0.000610      -267988.000
    506   18474   18474 0.000954      -268140.000
    507   17992   17992 0.000763      -267848.000
    508   17438   17438 0.000465      -267356.000
    509   17528   17528 0.000351      -268012.000
    510   17674   17674 0.000587      -268612.000
    511   17762   17762 0.002327      -268604.000
    512   17360   17360 0.001282      -268160.000
    513   16678   16678 0.000282      -268064.000
    514   17762   17762 0.000954      -267928.000
    515   18304   18304 0.001190      -267472.000
    516   18786   18786 0.001549      -267544.000
    517   17776   17776 0.000916      -267760.000
    518   17522   17522 0.000710      -267252.000
    519   17722   17722 0.000313      -268468.000
    520   17706   17706 0.000587      -267900.000
    521   17792   17792 0.000076      -268076.000
    522   17986   17986 0.000099      -268000.000
    523   17410   17410 0.000069      -267832.000
    524   18090   18090 0.000359      -268068.000
    525   18510   18510 0.001595      -267788.000
    526   18522   18522 0.000557      -267920.000
    527   17810   17810 0.000328      -267788.000
    528   17366   17366 0.000740      -267788.000
    529   17660   17660 0.001007      -268272.000
    530   17270   17270 0.000435      -268240.000
    531   17210   17210 0.000893      -267684.000
    532   16918   16918 0.000572      -266908.000
    533   16552   16552 0.000397      -267440.000
    534   17648   17648 0.001282      -267852.000
    535   18562   18562 0.002998      -267760.000
    536   18838   18838 0.000191      -267824.000
    537   18268   18268 0.000443      -267396.000
    538   17890   17890 0.000359      -267432.000
    539   17812   17812 0.001038      -268304.000
    540   17818   17818 0.001259      -268296.000
    541   17500   17500 0.001221      -268264.000
    542   17486   17486 0.000572      -267572.000
    543   17546   17546 0.001518      -267352.000
    544   17886   17886 0.001106      -267560.000
    545   18490   18490 0.001106      -267704.000
    546   18608   18608 0.000961      -267548.000
    547   17608   17608 0.000824      -267556.000
    548   17370   17370 0.000099      -267464.000
    549   17712   17712 0.000336      -268320.000
    550   17408   17408 0.000244      -268344.000
    551   17656   17656 0.001312      -268436.000
    552   17418   17418 0.000435      -267572.000
    553   17784   17784 0.001190      -267120.000
    554   18408   18408 0.001434      -267728.000
    555   19112   19112 0.000214      -267600.000
    556   18174   18174 0.000587      -267868.000
    557   17532   17532 0.000488      -267480.000
    558   17816   17816 0.000671      -267044.000
    559   17630   17630 0.000725      -268104.000
    560   17450   17450 0.000755      -268524.000
    561   17154   17154 0.001457      -267716.000
    562   17108   17108 0.000153      -267616.000
    563   17504   17504 0.001114      -267552.000
    564   18216   18216 0.000458      -267472.000
    565   18892   18892 0.000336      -268152.000
    566   17886   17886 0.000511      -267704.000
    567   17764   17764 0.000961      -267640.000
    568   17330   17330 0.000450      -267264.000
    569   17880   17880 0.000107      -268400.000
    570   17582   17582 0.000069      -268404.000
    571   17268   17268 0.001953      -268084.000
    572   16762   16762 0.000481      -266808.000
    573   17084   17084 0.000671      -267620.000
    574   17828   17828 0.000549      -267776.000
    575   18970   18970 0.001472      -268052.000
    576   17886   17886 0.000237      -267440.000
    577   18326   18326 0.000877      -267220.000
    578   17998   17998 0.000191      -267904.000
    579   18366   18366 0.000618      -268756.000
    580   17970   17970 0.000267      -268648.000
    581   17548   17548 0.000549      -268400.000
    582   17636   17636 0.000427      -267680.000
    583   17584   17584 0.000427      -267880.000
    584   17962   17962 0.000038      -267932.000
    585   18874   18874 0.000343      -268148.000
    586   17810   17810 0.000175      -267548.000
