Temperatura MagneticField Magnetization Magnetization2
0.1 0.002475 0.02475731 0.0008563569
0.1 0.00495 0.04942638 0.002685704
0.1 0.007425 0.0741047 0.005734413
0.1 0.0099 0.0987344 0.009988068
0.1 0.012375 0.1231827 0.0154146
0.1 0.01485 0.1473856 0.02195988
0.1 0.017325 0.17151 0.02965284
0.1 0.0198 0.1955418 0.03847075
0.1 0.022275 0.2191374 0.0482539
0.1 0.02475 0.2426712 0.05911932
0.1 0.027225 0.2656179 0.0707814
0.1 0.0297 0.2885536 0.08348835
0.1 0.032175 0.311182 0.09705519
0.1 0.03465 0.3332795 0.1112932
0.1 0.037125 0.3551997 0.1263811
0.1 0.0396 0.3764922 0.1419569
0.1 0.042075 0.3975275 0.158233
0.1 0.04455 0.4183257 0.1751977
0.1 0.047025 0.4384184 0.1924079
0.1 0.0495 0.4581523 0.2100976
0.1 0.051975 0.4774603 0.2281564
0.1 0.05445 0.4963541 0.2465524
0.1 0.056925 0.5148286 0.2652281
0.1 0.0594 0.5327784 0.2840277
0.1 0.061875 0.5502351 0.3029282
0.1 0.06435 0.567234 0.321919
0.1 0.066825 0.5839139 0.3411161
0.1 0.0693 0.5999544 0.3601004
0.1 0.071775 0.6155005 0.3789928
0.1 0.07425 0.6307334 0.3979721
0.1 0.076725 0.6452472 0.4164854
0.1 0.0792 0.659544 0.4351365
0.1 0.081675 0.6733438 0.453525
0.1 0.08415 0.6866151 0.4715687
0.1 0.086625 0.6995594 0.4895095
0.1 0.0891 0.7118746 0.5068863
0.1 0.091575 0.7238191 0.524031
0.1 0.09405 0.7354021 0.5409286
0.1 0.096525 0.746647 0.55759
0.1 0.099 0.7573716 0.5737155
0.1 0.1 0.7615629 0.5800801
0.1 0.102475 0.7718245 0.5958107
0.1 0.10495 0.781599 0.6109921
0.1 0.107425 0.790998 0.6257686
0.1 0.1099 0.8001373 0.6403079
0.1 0.112375 0.8088352 0.6542993
0.1 0.11485 0.8172805 0.6680286
0.1 0.117325 0.8252649 0.68114
0.1 0.1198 0.8330602 0.6940637
0.1 0.122275 0.8404603 0.7064449
0.1 0.12475 0.847554 0.7184162
0.1 0.127225 0.854357 0.7299919
0.1 0.1297 0.8609316 0.7412665
0.1 0.132175 0.8672743 0.7522246
0.1 0.13465 0.8732257 0.7625807
0.1 0.137125 0.8789851 0.7726702
0.1 0.1396 0.884488 0.7823723
0.1 0.142075 0.8898013 0.7917965
0.1 0.14455 0.8948232 0.8007575
0.1 0.147025 0.89961 0.8093452
0.1 0.1495 0.9042509 0.8177145
0.1 0.151975 0.9086153 0.8256242
0.1 0.15445 0.9128782 0.8333877
0.1 0.156925 0.9168823 0.840712
0.1 0.1594 0.9207441 0.8478066
0.1 0.161875 0.9244683 0.8546772
0.1 0.16435 0.9279616 0.8611468
0.1 0.166825 0.9313372 0.8674213
0.1 0.1693 0.9344928 0.8733081
0.1 0.171775 0.9375351 0.8790017
0.1 0.17425 0.9405246 0.8846146
0.1 0.176725 0.9433001 0.889842
0.1 0.1792 0.9459625 0.8948707
0.1 0.181675 0.9485424 0.8997572
0.1 0.18415 0.9509432 0.9043163
0.1 0.186625 0.9532417 0.9086918
0.1 0.1891 0.955451 0.9129079
0.1 0.191575 0.9575422 0.9169075
0.1 0.19405 0.9595549 0.9207647
0.1 0.196525 0.9615277 0.924554
0.1 0.199 0.9633066 0.9279772
0.2 0.002475 0.01244704 0.000398678
0.2 0.00495 0.02476504 0.0008567067
0.2 0.007425 0.03709705 0.001619349
0.2 0.0099 0.04952036 0.002695262
0.2 0.012375 0.06179931 0.004063889
0.2 0.01485 0.07415147 0.005740712
0.2 0.017325 0.08631824 0.007692691
0.2 0.0198 0.09868355 0.009980871
0.2 0.022275 0.1109243 0.01254516
0.2 0.02475 0.1231204 0.01539888
0.2 0.027225 0.1351896 0.01851775
0.2 0.0297 0.1474927 0.0219927
0.2 0.032175 0.1594328 0.02565646
0.2 0.03465 0.1715305 0.0296587
0.2 0.037125 0.183516 0.03391329
0.2 0.0396 0.1953349 0.0383922
0.2 0.042075 0.207392 0.04324482
0.2 0.04455 0.2191782 0.04826951
0.2 0.047025 0.230887 0.05354258
0.2 0.0495 0.2426518 0.05910958
0.2 0.051975 0.254238 0.0648648
0.2 0.05445 0.2657393 0.07084682
0.2 0.056925 0.2771389 0.07703066
0.2 0.0594 0.2885902 0.08350812
0.2 0.061875 0.2998279 0.09011926
0.2 0.06435 0.311153 0.0970373
0.2 0.066825 0.3221408 0.1039953
0.2 0.0693 0.3331897 0.1112304
0.2 0.071775 0.344299 0.1187574
0.2 0.07425 0.3551013 0.1263097
0.2 0.076725 0.3658406 0.13405
0.2 0.0792 0.376575 0.1420182
0.2 0.081675 0.3870378 0.1500057
0.2 0.08415 0.3974901 0.1582032
0.2 0.086625 0.4078867 0.1665754
0.2 0.0891 0.4181807 0.175075
0.2 0.091575 0.4284079 0.183733
0.2 0.09405 0.4383526 0.1923502
0.2 0.096525 0.4482893 0.201159
0.2 0.099 0.4581295 0.2100761
0.2 0.1 0.4620776 0.2137077
0.2 0.102475 0.4717926 0.2227788
0.2 0.10495 0.4813569 0.231891
0.2 0.107425 0.490793 0.2410631
0.2 0.1099 0.5001505 0.2503334
0.2 0.112375 0.5094659 0.2597358
0.2 0.11485 0.518564 0.2690878
0.2 0.117325 0.5274718 0.2784035
0.2 0.1198 0.5363638 0.2878584
0.2 0.122275 0.5450681 0.2972691
0.2 0.12475 0.5537954 0.3068578
0.2 0.127225 0.5623329 0.3163876
0.2 0.1297 0.5706684 0.3258279
0.2 0.132175 0.5788434 0.3352224
0.2 0.13465 0.5870811 0.3448245
0.2 0.137125 0.5950998 0.3543021
0.2 0.1396 0.6031608 0.3639574
0.2 0.142075 0.6108161 0.3732482
0.2 0.14455 0.618645 0.3828713
0.2 0.147025 0.6261673 0.3922351
0.2 0.1495 0.6335739 0.4015619
0.2 0.151975 0.6410136 0.4110427
0.2 0.15445 0.6481969 0.4203
0.2 0.156925 0.6553693 0.4296489
0.2 0.1594 0.6623761 0.4388795
0.2 0.161875 0.669206 0.4479716
0.2 0.16435 0.6760074 0.4571175
0.2 0.166825 0.6826603 0.4661553
0.2 0.1693 0.6892348 0.4751728
0.2 0.171775 0.6957129 0.4841427
0.2 0.17425 0.7020511 0.493
0.2 0.176725 0.7082377 0.5017203
0.2 0.1792 0.7143322 0.5103903
0.2 0.181675 0.7203174 0.5189744
0.2 0.18415 0.7262674 0.5275787
0.2 0.186625 0.7321007 0.5360855
0.2 0.1891 0.7376973 0.5443096
0.2 0.191575 0.7434143 0.5527734
0.2 0.19405 0.7488497 0.560883
0.2 0.196525 0.7542513 0.569
0.2 0.199 0.7594458 0.5768612
0.3 0.002475 0.008292305 0.0003121781
0.3 0.00495 0.01641325 0.0005122118
0.3 0.007425 0.02479305 0.0008578771
0.3 0.0099 0.03297128 0.001330291
0.3 0.012375 0.04128035 0.001947807
0.3 0.01485 0.04943764 0.002687531
0.3 0.017325 0.05763585 0.003567364
0.3 0.0198 0.06580591 0.004572336
0.3 0.022275 0.07408831 0.00573183
0.3 0.02475 0.08235461 0.007023779
0.3 0.027225 0.0905313 0.008439378
0.3 0.0297 0.09861717 0.009966173
0.3 0.032175 0.1068259 0.01165208
0.3 0.03465 0.1148922 0.01344058
0.3 0.037125 0.123038 0.01537982
0.3 0.0396 0.1312525 0.01746556
0.3 0.042075 0.1393246 0.01965097
0.3 0.04455 0.1473491 0.02195108
0.3 0.047025 0.1555167 0.02442302
0.3 0.0495 0.1634844 0.02696466
0.3 0.051975 0.1715817 0.0296771
0.3 0.05445 0.1795015 0.03245739
0.3 0.056925 0.1875531 0.03541185
0.3 0.0594 0.1954571 0.03843805
0.3 0.061875 0.2034121 0.04161201
0.3 0.06435 0.2113929 0.04491997
0.3 0.066825 0.2191685 0.04826765
0.3 0.0693 0.2270127 0.05176691
0.3 0.071775 0.234851 0.05538343
0.3 0.07425 0.2425636 0.05906628
0.3 0.076725 0.2502846 0.06287067
0.3 0.0792 0.2579917 0.06678861
0.3 0.081675 0.2657266 0.07083646
0.3 0.08415 0.2733538 0.07494935
0.3 0.086625 0.2809759 0.07917232
0.3 0.0891 0.2885015 0.08345821
0.3 0.091575 0.2961912 0.08795018
0.3 0.09405 0.3036326 0.09241489
0.3 0.096525 0.3111016 0.09700621
0.3 0.099 0.3185929 0.1017233
0.3 0.1 0.3213678 0.1034967
0.3 0.102475 0.3288657 0.1083711
0.3 0.10495 0.3361285 0.1131993
0.3 0.107425 0.3434695 0.1181876
0.3 0.1099 0.3507005 0.1232064
0.3 0.112375 0.3580098 0.1283861
0.3 0.11485 0.3651562 0.1335501
0.3 0.117325 0.3722837 0.1388046
0.3 0.1198 0.3794646 0.1442022
0.3 0.122275 0.3864631 0.1495618
0.3 0.12475 0.39342 0.154986
0.3 0.127225 0.4003847 0.160514
0.3 0.1297 0.4072343 0.1660447
0.3 0.132175 0.4141157 0.1716936
0.3 0.13465 0.4209114 0.1773681
0.3 0.137125 0.4277203 0.183143
0.3 0.1396 0.4343983 0.1888985
0.3 0.142075 0.4411089 0.1947726
0.3 0.14455 0.4477034 0.2006336
0.3 0.147025 0.4542095 0.2064997
0.3 0.1495 0.4607622 0.212494
0.3 0.151975 0.4672762 0.2185376
0.3 0.15445 0.4737697 0.224646
0.3 0.156925 0.4800774 0.2306607
0.3 0.1594 0.4864245 0.236795
0.3 0.161875 0.4927847 0.2430222
0.3 0.16435 0.498956 0.2491402
0.3 0.166825 0.5050273 0.2552363
0.3 0.1693 0.5111831 0.2614884
0.3 0.171775 0.5173128 0.2677912
0.3 0.17425 0.523314 0.2740348
0.3 0.176725 0.5292945 0.2803292
0.3 0.1792 0.5351322 0.2865405
0.3 0.181675 0.5409578 0.2928071
0.3 0.18415 0.546865 0.299233
0.3 0.186625 0.5526722 0.3056159
0.3 0.1891 0.5582428 0.3118027
0.3 0.191575 0.5639575 0.3182147
0.3 0.19405 0.5695939 0.3246012
0.3 0.196525 0.5750836 0.3308841
0.3 0.199 0.5805724 0.3372255
0.8 0.002475 0.003097144 0.0002542916
0.8 0.00495 0.006240654 0.0002819516
0.8 0.007425 0.009186875 0.0003284945
0.8 0.0099 0.01222905 0.0003955734
0.8 0.012375 0.01549139 0.0004833775
0.8 0.01485 0.01857 0.0005912406
0.8 0.017325 0.02158891 0.0007104658
0.8 0.0198 0.02479181 0.0008583061
0.8 0.022275 0.02779188 0.001015957
0.8 0.02475 0.0310037 0.001204256
0.8 0.027225 0.03397628 0.001401294
0.8 0.0297 0.0372139 0.001628861
0.8 0.032175 0.04020645 0.001859324
0.8 0.03465 0.04329306 0.002116808
0.8 0.037125 0.04632567 0.002389025
0.8 0.0396 0.04944713 0.002688974
0.8 0.042075 0.05255282 0.003005114
0.8 0.04455 0.05568008 0.003343754
0.8 0.047025 0.05858024 0.003676355
0.8 0.0495 0.06176278 0.004057426
0.8 0.051975 0.06485808 0.004451579
0.8 0.05445 0.06787318 0.004852194
0.8 0.056925 0.07100211 0.005281945
0.8 0.0594 0.0741184 0.005737192
0.8 0.061875 0.07714418 0.006194208
0.8 0.06435 0.08025995 0.006683502
0.8 0.066825 0.08339683 0.007199993
0.8 0.0693 0.08646543 0.007719834
0.8 0.071775 0.08954463 0.008262094
0.8 0.07425 0.09257785 0.008812647
0.8 0.076725 0.09563742 0.009388236
0.8 0.0792 0.0987861 0.01000077
0.8 0.081675 0.1017 0.01058541
0.8 0.08415 0.1048306 0.01123226
0.8 0.086625 0.1078743 0.01187869
0.8 0.0891 0.110992 0.01256143
0.8 0.091575 0.1139195 0.01321751
0.8 0.09405 0.1169962 0.01392868
0.8 0.096525 0.1200623 0.01465615
0.8 0.099 0.1231529 0.01540772
0.8 0.1 0.1244516 0.01572968
0.8 0.102475 0.1273353 0.01645596
0.8 0.10495 0.1305129 0.01727415
0.8 0.107425 0.1335068 0.01806435
0.8 0.1099 0.1364744 0.01886255
0.8 0.112375 0.1395819 0.01972315
0.8 0.11485 0.1426814 0.02059752
0.8 0.117325 0.1456088 0.02144092
0.8 0.1198 0.1486396 0.02233316
0.8 0.122275 0.1517429 0.02326471
0.8 0.12475 0.1546149 0.02414206
0.8 0.127225 0.15772 0.02511471
0.8 0.1297 0.1607903 0.02609097
0.8 0.132175 0.1635858 0.02699756
0.8 0.13465 0.1667031 0.0280275
0.8 0.137125 0.1697878 0.02906665
0.8 0.1396 0.1726769 0.03005383
0.8 0.142075 0.1756434 0.03108777
0.8 0.14455 0.178766 0.03219249
0.8 0.147025 0.1817284 0.03325838
0.8 0.1495 0.184732 0.03436016
0.8 0.151975 0.1877125 0.03547172
0.8 0.15445 0.1906116 0.03656666
0.8 0.156925 0.193698 0.03775336
0.8 0.1594 0.1966512 0.03890528
0.8 0.161875 0.1996194 0.04008271
0.8 0.16435 0.2025963 0.0412795
0.8 0.166825 0.2055766 0.04249611
0.8 0.1693 0.2085722 0.04373618
0.8 0.171775 0.211442 0.04494182
0.8 0.17425 0.2144392 0.04621555
0.8 0.176725 0.2175083 0.04754265
0.8 0.1792 0.2203189 0.04877331
0.8 0.181675 0.2232921 0.05009062
0.8 0.18415 0.2262566 0.05142444
0.8 0.186625 0.2293817 0.05284808
0.8 0.1891 0.2320464 0.05407715
0.8 0.191575 0.2349835 0.05544855
0.8 0.19405 0.2378985 0.0568254
0.8 0.196525 0.2408176 0.058223
0.8 0.199 0.2436328 0.05958651
0.7 0.002475 0.003586899 0.0002581028
0.7 0.00495 0.007156289 0.000293386
0.7 0.007425 0.01069918 0.0003592553
0.7 0.0099 0.01415848 0.0004444221
0.7 0.012375 0.01760237 0.0005524917
0.7 0.01485 0.02118997 0.000693203
0.7 0.017325 0.02467386 0.0008548062
0.7 0.0198 0.02823566 0.001041219
0.7 0.022275 0.03187478 0.00125935
0.7 0.02475 0.03534339 0.001491781
0.7 0.027225 0.03881445 0.00175
0.7 0.0297 0.04240964 0.002042844
0.7 0.032175 0.04583752 0.002344879
0.7 0.03465 0.04951777 0.002696176
0.7 0.037125 0.0528513 0.003036873
0.7 0.0396 0.0564298 0.003425195
0.7 0.042075 0.06007576 0.003851267
0.7 0.04455 0.06361576 0.004289877
0.7 0.047025 0.06714926 0.004752842
0.7 0.0495 0.07061315 0.005228379
0.7 0.051975 0.07418948 0.00574601
0.7 0.05445 0.07766234 0.00627511
0.7 0.056925 0.08123176 0.006841321
0.7 0.0594 0.08470938 0.007419259
0.7 0.061875 0.08824479 0.008030572
0.7 0.06435 0.09163334 0.008639539
0.7 0.066825 0.09514974 0.009293666
0.7 0.0693 0.09874863 0.009993487
0.7 0.071775 0.1021816 0.01068508
0.7 0.07425 0.105718 0.01141773
0.7 0.076725 0.109136 0.01215289
0.7 0.0792 0.1127735 0.01296147
0.7 0.081675 0.1161117 0.01372126
0.7 0.08415 0.1197077 0.0145704
0.7 0.086625 0.123129 0.0154018
0.7 0.0891 0.1265757 0.01626263
0.7 0.091575 0.1300382 0.01714923
0.7 0.09405 0.1335899 0.01808604
0.7 0.096525 0.1370311 0.01901713
0.7 0.099 0.1405842 0.02000298
0.7 0.1 0.1418752 0.02036574
0.7 0.102475 0.1453305 0.02135786
0.7 0.10495 0.1488624 0.02239821
0.7 0.107425 0.1523048 0.02343282
0.7 0.1099 0.1557316 0.02448893
0.7 0.112375 0.1591395 0.0255634
0.7 0.11485 0.1626886 0.02670588
0.7 0.117325 0.1660759 0.02781984
0.7 0.1198 0.1694603 0.02895298
0.7 0.122275 0.1729081 0.03013485
0.7 0.12475 0.1764555 0.03137283
0.7 0.127225 0.1798244 0.03257152
0.7 0.1297 0.1831884 0.03379418
0.7 0.132175 0.1865738 0.03504642
0.7 0.13465 0.1900165 0.03634142
0.7 0.137125 0.1933527 0.03762156
0.7 0.1396 0.1968623 0.03898906
0.7 0.142075 0.2002519 0.04033517
0.7 0.14455 0.2035965 0.04168639
0.7 0.147025 0.2070039 0.04308154
0.7 0.1495 0.2103164 0.04446819
0.7 0.151975 0.2138328 0.04595733
0.7 0.15445 0.2171395 0.04738277
0.7 0.156925 0.2204487 0.0488291
0.7 0.1594 0.2237802 0.05031019
0.7 0.161875 0.2271212 0.05181658
0.7 0.16435 0.2306683 0.05343993
0.7 0.166825 0.2339425 0.05496067
0.7 0.1693 0.2372946 0.05654019
0.7 0.171775 0.2405943 0.0581145
0.7 0.17425 0.2439445 0.05973876
0.7 0.176725 0.2472254 0.06134905
0.7 0.1792 0.2504679 0.06296353
0.7 0.181675 0.2538146 0.06465112
0.7 0.18415 0.2572066 0.06638387
0.7 0.186625 0.2605548 0.0681148
0.7 0.1891 0.2636787 0.06975341
0.7 0.191575 0.2670496 0.07154017
0.7 0.19405 0.2702295 0.07325063
0.7 0.196525 0.2736287 0.07509805
0.7 0.199 0.2768575 0.07687583
0.6 0.002475 0.00411123 0.0002620712
0.6 0.00495 0.008203716 0.0003113124
0.6 0.007425 0.01230917 0.000394522
0.6 0.0099 0.01655939 0.000518168
0.6 0.012375 0.02063271 0.0006690817
0.6 0.01485 0.02476482 0.0008567216
0.6 0.017325 0.02882997 0.001074417
0.6 0.0198 0.03311403 0.001339902
0.6 0.022275 0.03705801 0.001616718
0.6 0.02475 0.04121986 0.0019429
0.6 0.027225 0.04535544 0.002300134
0.6 0.0297 0.04937965 0.002682823
0.6 0.032175 0.05358431 0.003114972
0.6 0.03465 0.05766458 0.003568568
0.6 0.037125 0.06172352 0.004049506
0.6 0.0396 0.0659191 0.004587497
0.6 0.042075 0.07003202 0.00514609
0.6 0.04455 0.07414149 0.005740035
0.6 0.047025 0.07824741 0.006363764
0.6 0.0495 0.08241119 0.007034001
0.6 0.051975 0.08646837 0.007720407
0.6 0.05445 0.09048408 0.008430135
0.6 0.056925 0.0945675 0.009184309
0.6 0.0594 0.09860712 0.009962479
0.6 0.061875 0.1027742 0.01080186
0.6 0.06435 0.106797 0.01164769
0.6 0.066825 0.1108525 0.01252761
0.6 0.0693 0.114957 0.01345844
0.6 0.071775 0.1191313 0.01443403
0.6 0.07425 0.1231102 0.01539629
0.6 0.076725 0.1272612 0.01643574
0.6 0.0792 0.1312013 0.01745324
0.6 0.081675 0.1352403 0.01852896
0.6 0.08415 0.1393395 0.01965384
0.6 0.086625 0.1433806 0.02079982
0.6 0.0891 0.1474331 0.0219743
0.6 0.091575 0.1514732 0.02318307
0.6 0.09405 0.1555039 0.0244214
0.6 0.096525 0.1594667 0.02566729
0.6 0.099 0.1635814 0.02699562
0.6 0.1 0.1652164 0.02753337
0.6 0.102475 0.1690629 0.02881864
0.6 0.10495 0.1731401 0.03021258
0.6 0.107425 0.1772299 0.0316467
0.6 0.1099 0.1811354 0.03304703
0.6 0.112375 0.1852527 0.03455607
0.6 0.11485 0.1891123 0.03599876
0.6 0.117325 0.1930925 0.03752122
0.6 0.1198 0.1969437 0.03902199
0.6 0.122275 0.2010163 0.04064161
0.6 0.12475 0.2050546 0.04228287
0.6 0.127225 0.2088841 0.04386641
0.6 0.1297 0.2128109 0.04552237
0.6 0.132175 0.2167474 0.04721099
0.6 0.13465 0.2206842 0.04893334
0.6 0.137125 0.2246888 0.05071582
0.6 0.1396 0.2286004 0.05249059
0.6 0.142075 0.2325477 0.05430933
0.6 0.14455 0.23638 0.05610765
0.6 0.147025 0.240206 0.05792796
0.6 0.1495 0.2440856 0.05980735
0.6 0.151975 0.2479805 0.06172349
0.6 0.15445 0.2518721 0.06366761
0.6 0.156925 0.2557937 0.06565768
0.6 0.1594 0.2596718 0.06765744
0.6 0.161875 0.2634269 0.06962141
0.6 0.16435 0.2672913 0.07166956
0.6 0.166825 0.271039 0.07368926
0.6 0.1693 0.2748725 0.07578025
0.6 0.171775 0.2787416 0.07792305
0.6 0.17425 0.2824942 0.08002542
0.6 0.176725 0.2863772 0.08223595
0.6 0.1792 0.2901215 0.08439451
0.6 0.181675 0.2938575 0.08657486
0.6 0.18415 0.2975524 0.08876121
0.6 0.186625 0.301345 0.09103008
0.6 0.1891 0.3051349 0.09332795
0.6 0.191575 0.3088591 0.09561574
0.6 0.19405 0.3126284 0.0979568
0.6 0.196525 0.3162829 0.1002565
0.6 0.199 0.3200227 0.1026343
0.5 0.002475 0.004866191 0.0002673252
0.5 0.00495 0.009858521 0.000338948
0.5 0.007425 0.01488976 0.0004662444
0.5 0.0099 0.0198201 0.0006385267
0.5 0.012375 0.02465661 0.0008539086
0.5 0.01485 0.02976851 0.001129109
0.5 0.017325 0.03471317 0.001447923
0.5 0.0198 0.03962409 0.001816813
0.5 0.022275 0.0446272 0.002233544
0.5 0.02475 0.04950451 0.002694
0.5 0.027225 0.0544275 0.003205423
0.5 0.0297 0.05928073 0.003756545
0.5 0.032175 0.06418354 0.004361759
0.5 0.03465 0.06918824 0.005029914
0.5 0.037125 0.07409399 0.005732339
0.5 0.0396 0.0790828 0.006496767
0.5 0.042075 0.0839609 0.007292234
0.5 0.04455 0.08889976 0.008143694
0.5 0.047025 0.09386944 0.009053561
0.5 0.0495 0.09876463 0.009993265
0.5 0.051975 0.1036173 0.01097679
0.5 0.05445 0.1085196 0.01201643
0.5 0.056925 0.1134216 0.01310511
0.5 0.0594 0.1182418 0.01422071
0.5 0.061875 0.1231136 0.01539645
0.5 0.06435 0.1280481 0.01663592
0.5 0.066825 0.1328783 0.01789612
0.5 0.0693 0.1375999 0.01917388
0.5 0.071775 0.1426113 0.02057798
0.5 0.07425 0.1475205 0.02200152
0.5 0.076725 0.1521478 0.02338643
0.5 0.0792 0.1570584 0.02490412
0.5 0.081675 0.1618185 0.02642469
0.5 0.08415 0.1666871 0.02802174
0.5 0.086625 0.1715256 0.02965795
0.5 0.0891 0.1762743 0.03130938
0.5 0.091575 0.1811708 0.03305807
0.5 0.09405 0.1859006 0.03479496
0.5 0.096525 0.190638 0.03657709
0.5 0.099 0.1954211 0.03842493
0.5 0.1 0.1973687 0.03918837
0.5 0.102475 0.2021028 0.04107965
0.5 0.10495 0.2068385 0.04301404
0.5 0.107425 0.2115092 0.0449691
0.5 0.1099 0.2163016 0.04701724
0.5 0.112375 0.2210319 0.04908805
0.5 0.11485 0.2258538 0.05124218
0.5 0.117325 0.2304697 0.05334714
0.5 0.1198 0.2350684 0.05548871
0.5 0.122275 0.2398693 0.05776769
0.5 0.12475 0.244507 0.06001245
0.5 0.127225 0.2491085 0.06228474
0.5 0.1297 0.2538027 0.06464517
0.5 0.132175 0.2584063 0.06700178
0.5 0.13465 0.2630212 0.06940764
0.5 0.137125 0.2675246 0.07179738
0.5 0.1396 0.2722025 0.07432101
0.5 0.142075 0.2767964 0.07684192
0.5 0.14455 0.2812921 0.07934901
0.5 0.147025 0.2858255 0.08192169
0.5 0.1495 0.290404 0.08455818
0.5 0.151975 0.2949941 0.08724446
0.5 0.15445 0.2993819 0.08985087
0.5 0.156925 0.3039736 0.09262196
0.5 0.1594 0.3082976 0.09526693
0.5 0.161875 0.3129817 0.09817926
0.5 0.16435 0.3172935 0.1008949
0.5 0.166825 0.3217915 0.1037667
0.5 0.1693 0.3262099 0.1066315
0.5 0.171775 0.330631 0.1095343
0.5 0.17425 0.3349705 0.1124226
0.5 0.176725 0.339405 0.115414
0.5 0.1792 0.3437593 0.1183856
0.5 0.181675 0.3482445 0.121489
0.5 0.18415 0.3525061 0.1244743
0.5 0.186625 0.3569052 0.1275921
0.5 0.1891 0.3611676 0.1306541
0.5 0.191575 0.3654585 0.1337717
0.5 0.19405 0.3696984 0.136887
0.5 0.196525 0.3739997 0.1400852
0.5 0.199 0.378212 0.1432553
0.4 0.002475 0.006250488 0.0002835031
0.4 0.00495 0.01240437 0.0003975273
0.4 0.007425 0.01860757 0.0005907706
0.4 0.0099 0.0247289 0.0008578538
0.4 0.012375 0.03089325 0.001197068
0.4 0.01485 0.03707277 0.001617696
0.4 0.017325 0.04325178 0.002114668
0.4 0.0198 0.04954998 0.002701204
0.4 0.022275 0.05567881 0.003343025
0.4 0.02475 0.06179243 0.004062241
0.4 0.027225 0.06797705 0.004863734
0.4 0.0297 0.07413841 0.00573815
0.4 0.032175 0.0801461 0.006666081
0.4 0.03465 0.08633288 0.007696173
0.4 0.037125 0.09254341 0.008805547
0.4 0.0396 0.09864925 0.009974585
0.4 0.042075 0.1047787 0.01121853
0.4 0.04455 0.1108845 0.0125364
0.4 0.047025 0.1169999 0.0139298
0.4 0.0495 0.1230422 0.01537851
0.4 0.051975 0.1291806 0.0169279
0.4 0.05445 0.1352993 0.01854523
0.4 0.056925 0.1413939 0.02023102
0.4 0.0594 0.1474459 0.02197922
0.4 0.061875 0.1534132 0.02377243
0.4 0.06435 0.1593799 0.02564027
0.4 0.066825 0.1654376 0.02760819
0.4 0.0693 0.1715462 0.02966567
0.4 0.071775 0.17757 0.03176916
0.4 0.07425 0.1835595 0.03393053
0.4 0.076725 0.189419 0.03611284
0.4 0.0792 0.1955548 0.03847673
0.4 0.081675 0.2013872 0.0407912
0.4 0.08415 0.2073469 0.04322567
0.4 0.086625 0.2132433 0.04570574
0.4 0.0891 0.219098 0.04823771
0.4 0.091575 0.2250738 0.05088931
0.4 0.09405 0.2308365 0.05351665
0.4 0.096525 0.2368044 0.05630798
0.4 0.099 0.2426126 0.05909192
0.4 0.1 0.2449596 0.06023381
0.4 0.102475 0.2506778 0.06306723
0.4 0.10495 0.2565026 0.06602171
0.4 0.107425 0.2623061 0.06903205
0.4 0.1099 0.2679582 0.07202814
0.4 0.112375 0.273782 0.07518338
0.4 0.11485 0.2794792 0.07833342
0.4 0.117325 0.2851253 0.08152248
0.4 0.1198 0.2908678 0.08482798
0.4 0.122275 0.2965808 0.08818228
0.4 0.12475 0.302174 0.09152994
0.4 0.127225 0.3077289 0.0949194
0.4 0.1297 0.3133851 0.09843006
0.4 0.132175 0.3189378 0.1019392
0.4 0.13465 0.3243444 0.1054166
0.4 0.137125 0.3300667 0.1091625
0.4 0.1396 0.3355425 0.112805
0.4 0.142075 0.3409588 0.1164691
0.4 0.14455 0.346405 0.1202122
0.4 0.147025 0.3517372 0.1239331
0.4 0.1495 0.3573609 0.1279202
0.4 0.151975 0.3626427 0.1317229
0.4 0.15445 0.3679904 0.1356278
0.4 0.156925 0.3733854 0.1396263
0.4 0.1594 0.3785896 0.1435388
0.4 0.161875 0.383991 0.1476563
0.4 0.16435 0.3891989 0.1516835
0.4 0.166825 0.394429 0.1557793
0.4 0.1693 0.39958 0.1598695
0.4 0.171775 0.4048631 0.1641181
0.4 0.17425 0.4099798 0.1682882
0.4 0.176725 0.4150628 0.1724794
0.4 0.1792 0.4201906 0.1767628
0.4 0.181675 0.4253041 0.181084
0.4 0.18415 0.4304826 0.1855144
0.4 0.186625 0.4353847 0.1897578
0.4 0.1891 0.4404893 0.1942273
0.4 0.191575 0.4453675 0.1985488
0.4 0.19405 0.450386 0.203043
0.4 0.196525 0.4552159 0.2074154
0.4 0.199 0.4601392 0.2119206
1.1 0.1 0.0906404 0.008459233
1 0.002475 0.00251689 0.0002506138
1 0.00495 0.004918013 0.0002676614
1 0.007425 0.007456284 0.0002990378
1 0.0099 0.009881313 0.0003406141
1 0.012375 0.01225335 0.000392718
1 0.01485 0.0147632 0.0004631558
1 0.017325 0.01727044 0.0005417801
1 0.0198 0.01975245 0.0006326272
1 0.022275 0.02230076 0.0007420912
1 0.02475 0.02475531 0.000857063
1 0.027225 0.02724589 0.0009872966
1 0.0297 0.02974129 0.001127456
1 0.032175 0.03223198 0.001283177
1 0.03465 0.03464888 0.001444986
1 0.037125 0.03707344 0.001616642
1 0.0396 0.0396525 0.001817203
1 0.042075 0.04206761 0.002012971
1 0.04455 0.04453561 0.002227687
1 0.047025 0.04698724 0.002452388
1 0.0495 0.0493921 0.002681379
1 0.051975 0.05187809 0.002934698
1 0.05445 0.05437738 0.003199996
1 0.056925 0.05692363 0.003482018
1 0.0594 0.05930488 0.003759908
1 0.061875 0.06187441 0.004073533
1 0.06435 0.06427481 0.004376395
1 0.066825 0.06674486 0.004696905
1 0.0693 0.06919723 0.005032437
1 0.071775 0.07161143 0.005371694
1 0.07425 0.07415096 0.005740919
1 0.076725 0.07663439 0.006114882
1 0.0792 0.07902367 0.006488573
1 0.081675 0.08150113 0.006885449
1 0.08415 0.08394231 0.00728794
1 0.086625 0.08641816 0.00771053
1 0.0891 0.08881515 0.00813098
1 0.091575 0.09125285 0.008567944
1 0.09405 0.09373821 0.009029243
1 0.096525 0.0962371 0.009506529
1 0.099 0.09867751 0.009979257
1 0.1 0.09975212 0.01019189
1 0.102475 0.1021469 0.01067506
1 0.10495 0.1046393 0.01118814
1 0.107425 0.1068147 0.01164859
1 0.1099 0.1093607 0.01220212
1 0.112375 0.111867 0.01275653
1 0.11485 0.1143162 0.01330748
1 0.117325 0.1168203 0.01388704
1 0.1198 0.1191274 0.01443144
1 0.122275 0.121598 0.01502621
1 0.12475 0.1241583 0.0156557
1 0.127225 0.1264805 0.01623532
1 0.1297 0.1290568 0.01689436
1 0.132175 0.1313964 0.017505
1 0.13465 0.1338113 0.01814726
1 0.137125 0.1363534 0.01883184
1 0.1396 0.1387494 0.01949151
1 0.142075 0.1410904 0.02014665
1 0.14455 0.143694 0.02088726
1 0.147025 0.1459693 0.02154577
1 0.1495 0.148433 0.02227115
1 0.151975 0.1508785 0.02300243
1 0.15445 0.1532816 0.02373493
1 0.156925 0.1556732 0.02447399
1 0.1594 0.1581383 0.02524806
1 0.161875 0.1604434 0.02597826
1 0.16435 0.1628983 0.02677351
1 0.166825 0.1653647 0.02758303
1 0.1693 0.1677319 0.02837291
1 0.171775 0.1701107 0.02917534
1 0.17425 0.1724863 0.0299885
1 0.176725 0.1749059 0.03082855
1 0.1792 0.1773443 0.03168665
1 0.181675 0.1797038 0.03253035
1 0.18415 0.1820982 0.0333971
1 0.186625 0.1844483 0.03425803
1 0.1891 0.1868472 0.03514956
1 0.191575 0.1892076 0.03603493
1 0.19405 0.1917017 0.03698455
1 0.196525 0.1940002 0.03787146
1 0.199 0.1964069 0.03881165
0.9 0.002475 0.002742241 0.0002519599
0.9 0.00495 0.005452646 0.0002720623
0.9 0.007425 0.008287104 0.0003134514
0.9 0.0099 0.01100428 0.0003642541
0.9 0.012375 0.01365321 0.0004294454
0.9 0.01485 0.01643014 0.0005145675
0.9 0.017325 0.01926813 0.0006149114
0.9 0.0198 0.02201621 0.0007283786
0.9 0.022275 0.02472728 0.0008543037
0.9 0.02475 0.02753171 0.001002464
0.9 0.027225 0.03027732 0.00116239
0.9 0.0297 0.03300276 0.001332422
0.9 0.032175 0.03577767 0.001522626
0.9 0.03465 0.03848 0.00172477
0.9 0.037125 0.04128968 0.001949503
0.9 0.0396 0.04396568 0.002178506
0.9 0.042075 0.04675561 0.002429424
0.9 0.04455 0.04938428 0.002684073
0.9 0.047025 0.05220869 0.002970333
0.9 0.0495 0.05494782 0.003261005
0.9 0.051975 0.05770198 0.003573043
0.9 0.05445 0.06048606 0.00390229
0.9 0.056925 0.06317225 0.00423397
0.9 0.0594 0.06593268 0.004589746
0.9 0.061875 0.0685686 0.004943975
0.9 0.06435 0.07131868 0.005328618
0.9 0.066825 0.07416168 0.005743823
0.9 0.0693 0.07685323 0.006148496
0.9 0.071775 0.07954521 0.006571284
0.9 0.07425 0.08231603 0.00701911
0.9 0.076725 0.08492 0.007454332
0.9 0.0792 0.08770456 0.007935216
0.9 0.081675 0.09051608 0.008434309
0.9 0.08415 0.09328406 0.008943283
0.9 0.086625 0.09592132 0.009442573
0.9 0.0891 0.09860393 0.00996221
0.9 0.091575 0.1013718 0.01051812
0.9 0.09405 0.1040845 0.0110764
0.9 0.096525 0.1068333 0.01165498
0.9 0.099 0.1094725 0.01222308
0.9 0.1 0.1106427 0.01248264
0.9 0.102475 0.1133505 0.01308868
0.9 0.10495 0.1159969 0.01369719
0.9 0.107425 0.1188137 0.01435803
0.9 0.1099 0.1214975 0.0150015
0.9 0.112375 0.1241304 0.01564947
0.9 0.11485 0.126827 0.01632635
0.9 0.117325 0.1296364 0.01704605
0.9 0.1198 0.1322918 0.01774027
0.9 0.122275 0.135136 0.01849978
0.9 0.12475 0.1376906 0.01919918
0.9 0.127225 0.1404466 0.01996688
0.9 0.1297 0.143081 0.02071292
0.9 0.132175 0.1458053 0.02149853
0.9 0.13465 0.1484533 0.02227628
0.9 0.137125 0.1512066 0.02310119
0.9 0.1396 0.1539297 0.02393164
0.9 0.142075 0.1566277 0.02477183
0.9 0.14455 0.1593432 0.02562781
0.9 0.147025 0.161951 0.02646444
0.9 0.1495 0.1645453 0.0273127
0.9 0.151975 0.1672603 0.02821403
0.9 0.15445 0.1699093 0.02910733
0.9 0.156925 0.1726199 0.03003536
0.9 0.1594 0.1752946 0.0309651
0.9 0.161875 0.1779112 0.031888
0.9 0.16435 0.1806008 0.03285451
0.9 0.166825 0.1832102 0.03380332
0.9 0.1693 0.1859593 0.03481635
0.9 0.171775 0.1885494 0.03578442
0.9 0.17425 0.1911716 0.03678163
0.9 0.176725 0.1939098 0.03783733
0.9 0.1792 0.196611 0.0388902
0.9 0.181675 0.1992048 0.03991822
0.9 0.18415 0.2018291 0.04097001
0.9 0.186625 0.204486 0.04204886
0.9 0.1891 0.2070848 0.04311766
0.9 0.191575 0.2096913 0.04420348
0.9 0.19405 0.2124452 0.04536831
0.9 0.196525 0.2150171 0.04646472
0.9 0.199 0.2176828 0.04761682
1.3 0.1 0.07672175 0.006129861
1.4 0.1 0.07121482 0.005313495
1.2 0.1 0.08315568 0.007159597
1.8 0.1 0.05540034 0.003313999
1.9 0.1 0.05240192 0.002989437
2 0.1 0.05002932 0.002745728
1.7 0.1 0.05887606 0.003709696
1.5 0.1 0.06658832 0.004677382
1.6 0.1 0.06234077 0.004129157
0.001 0.002475 0.9859396 0.9720837
0.001 0.00495 0.9998997 0.9997995
0.001 0.007425 0.9999993 0.9999987
0.001 0.0099 1 1
0.001 0.012375 1 1
0.001 0.01485 1 1
0.001 0.017325 1 1
0.001 0.0198 1 1
0.001 0.022275 1 1
0.001 0.02475 1 1
0.001 0.027225 1 1
0.001 0.0297 1 1
0.001 0.032175 1 1
0.001 0.03465 1 1
0.001 0.037125 1 1
0.001 0.0396 1 1
0.001 0.042075 1 1
0.001 0.04455 1 1
0.001 0.047025 1 1
0.001 0.0495 1 1
0.001 0.051975 1 1
0.001 0.05445 1 1
0.001 0.056925 1 1
0.001 0.0594 1 1
0.001 0.061875 1 1
0.001 0.06435 1 1
0.001 0.066825 1 1
0.001 0.0693 1 1
0.001 0.071775 1 1
0.001 0.07425 1 1
0.001 0.076725 1 1
0.001 0.0792 1 1
0.001 0.081675 1 1
0.001 0.08415 1 1
0.001 0.086625 1 1
0.001 0.0891 1 1
0.001 0.091575 1 1
0.001 0.09405 1 1
0.001 0.096525 1 1
0.001 0.099 1 1
0.001 0.102475 1 1
0.001 0.10495 1 1
0.001 0.107425 1 1
0.001 0.1099 1 1
0.001 0.112375 1 1
0.001 0.11485 1 1
0.001 0.117325 1 1
0.001 0.1198 1 1
0.001 0.122275 1 1
0.001 0.12475 1 1
0.001 0.127225 1 1
0.001 0.1297 1 1
0.001 0.132175 1 1
0.001 0.13465 1 1
0.001 0.137125 1 1
0.001 0.1396 1 1
0.001 0.142075 1 1
0.001 0.14455 1 1
0.001 0.147025 1 1
0.001 0.1495 1 1
0.001 0.151975 1 1
0.001 0.15445 1 1
0.001 0.156925 1 1
0.001 0.1594 1 1
0.001 0.161875 1 1
0.001 0.16435 1 1
0.001 0.166825 1 1
0.001 0.1693 1 1
0.001 0.171775 1 1
0.001 0.17425 1 1
0.001 0.176725 1 1
0.001 0.1792 1 1
0.001 0.181675 1 1
0.001 0.18415 1 1
0.001 0.186625 1 1
0.001 0.1891 1 1
0.001 0.191575 1 1
0.001 0.19405 1 1
0.001 0.196525 1 1
0.001 0.199 1 1
1e-04 0.002475 1 1
1e-04 0.00495 1 1
1e-04 0.007425 1 1
1e-04 0.0099 1 1
1e-04 0.012375 1 1
1e-04 0.01485 1 1
1e-04 0.017325 1 1
1e-04 0.0198 1 1
1e-04 0.022275 1 1
1e-04 0.02475 1 1
1e-04 0.027225 1 1
1e-04 0.0297 1 1
1e-04 0.032175 1 1
1e-04 0.03465 1 1
1e-04 0.037125 1 1
1e-04 0.0396 1 1
1e-04 0.042075 1 1
1e-04 0.04455 1 1
1e-04 0.047025 1 1
1e-04 0.0495 1 1
1e-04 0.051975 1 1
1e-04 0.05445 1 1
1e-04 0.056925 1 1
1e-04 0.0594 1 1
1e-04 0.061875 1 1
1e-04 0.06435 1 1
1e-04 0.066825 1 1
1e-04 0.0693 1 1
1e-04 0.071775 1 1
1e-04 0.07425 1 1
1e-04 0.076725 1 1
1e-04 0.0792 1 1
1e-04 0.081675 1 1
1e-04 0.08415 1 1
1e-04 0.086625 1 1
1e-04 0.0891 1 1
1e-04 0.091575 1 1
1e-04 0.09405 1 1
1e-04 0.096525 1 1
1e-04 0.099 1 1
1e-04 0.102475 1 1
1e-04 0.10495 1 1
1e-04 0.107425 1 1
1e-04 0.1099 1 1
1e-04 0.112375 1 1
1e-04 0.11485 1 1
1e-04 0.117325 1 1
1e-04 0.1198 1 1
1e-04 0.122275 1 1
1e-04 0.12475 1 1
1e-04 0.127225 1 1
1e-04 0.1297 1 1
1e-04 0.132175 1 1
1e-04 0.13465 1 1
1e-04 0.137125 1 1
1e-04 0.1396 1 1
1e-04 0.142075 1 1
1e-04 0.14455 1 1
1e-04 0.147025 1 1
1e-04 0.1495 1 1
1e-04 0.151975 1 1
1e-04 0.15445 1 1
1e-04 0.156925 1 1
1e-04 0.1594 1 1
1e-04 0.161875 1 1
1e-04 0.16435 1 1
1e-04 0.166825 1 1
1e-04 0.1693 1 1
1e-04 0.171775 1 1
1e-04 0.17425 1 1
1e-04 0.176725 1 1
1e-04 0.1792 1 1
1e-04 0.181675 1 1
1e-04 0.18415 1 1
1e-04 0.186625 1 1
1e-04 0.1891 1 1
1e-04 0.191575 1 1
1e-04 0.19405 1 1
1e-04 0.196525 1 1
1e-04 0.199 1 1
0.01 0.002475 0.2425304 0.05904965
0.01 0.00495 0.4581929 0.2101335
0.01 0.007425 0.6305925 0.3977936
0.01 0.0099 0.7573313 0.5736555
0.01 0.012375 0.8446874 0.7135663
0.01 0.01485 0.90242 0.814407
0.01 0.017325 0.9393414 0.8823911
0.01 0.0198 0.9625746 0.9265676
0.01 0.022275 0.9770125 0.9545644
0.01 0.02475 0.9859396 0.9720837
0.01 0.027225 0.9913869 0.9828522
0.01 0.0297 0.9947533 0.9895367
0.01 0.032175 0.9968042 0.9936202
0.01 0.03465 0.998054 0.9961126
0.01 0.037125 0.9988027 0.9976074
0.01 0.0396 0.9992725 0.998546
0.01 0.042075 0.9995552 0.9991109
0.01 0.04455 0.9997315 0.9994633
0.01 0.047025 0.9998355 0.999671
0.01 0.0495 0.9998997 0.9997994
0.01 0.051975 0.9999375 0.999875
0.01 0.05445 0.9999628 0.9999256
0.01 0.056925 0.9999774 0.9999548
0.01 0.0594 0.9999856 0.9999712
0.01 0.061875 0.9999913 0.9999827
0.01 0.06435 0.9999948 0.9999896
0.01 0.066825 0.9999967 0.9999934
0.01 0.0693 0.9999981 0.9999961
0.01 0.071775 0.9999987 0.9999975
0.01 0.07425 0.9999992 0.9999984
0.01 0.076725 0.9999995 0.999999
0.01 0.0792 0.9999996 0.9999992
0.01 0.081675 0.9999997 0.9999995
0.01 0.08415 0.9999999 0.9999998
0.01 0.086625 0.9999999 0.9999999
0.01 0.0891 1 0.9999999
0.01 0.091575 1 1
0.01 0.09405 1 1
0.01 0.096525 1 1
0.01 0.099 1 1
0.01 0.102475 1 1
0.01 0.10495 1 1
0.01 0.107425 1 1
0.01 0.1099 1 1
0.01 0.112375 1 1
0.01 0.11485 1 1
0.01 0.117325 1 1
0.01 0.1198 1 1
0.01 0.122275 1 1
0.01 0.12475 1 1
0.01 0.127225 1 1
0.01 0.1297 1 1
0.01 0.132175 1 1
0.01 0.13465 1 1
0.01 0.137125 1 1
0.01 0.1396 1 1
0.01 0.142075 1 1
0.01 0.14455 1 1
0.01 0.147025 1 1
0.01 0.1495 1 1
0.01 0.151975 1 1
0.01 0.15445 1 1
0.01 0.156925 1 1
0.01 0.1594 1 1
0.01 0.161875 1 1
0.01 0.16435 1 1
0.01 0.166825 1 1
0.01 0.1693 1 1
0.01 0.171775 1 1
0.01 0.17425 1 1
0.01 0.176725 1 1
0.01 0.1792 1 1
0.01 0.181675 1 1
0.01 0.18415 1 1
0.01 0.186625 1 1
0.01 0.1891 1 1
0.01 0.191575 1 1
0.01 0.19405 1 1
0.01 0.196525 1 1
0.01 0.199 1 1
0.08 0.002475 0.03094266 0.001200407
0.08 0.00495 0.06168083 0.004049222
0.08 0.007425 0.09261991 0.0088203
0.08 0.0099 0.1232283 0.01542558
0.08 0.012375 0.1534392 0.02378084
0.08 0.01485 0.1834713 0.03389784
0.08 0.017325 0.2131824 0.04567876
0.08 0.0198 0.2425618 0.05906523
0.08 0.022275 0.2714308 0.07390133
0.08 0.02475 0.2998079 0.09010585
0.08 0.027225 0.3277338 0.1076269
0.08 0.0297 0.3550264 0.1262568
0.08 0.032175 0.3817474 0.1459406
0.08 0.03465 0.4078169 0.1665181
0.08 0.037125 0.4333882 0.1880236
0.08 0.0396 0.4582001 0.2101391
0.08 0.042075 0.4824013 0.2329007
0.08 0.04455 0.5056406 0.2558534
0.08 0.047025 0.5282837 0.2792596
0.08 0.0495 0.5501688 0.302856
0.08 0.051975 0.5715181 0.3267957
0.08 0.05445 0.5918794 0.3504801
0.08 0.056925 0.6116303 0.3742458
0.08 0.0594 0.6306574 0.3978754
0.08 0.061875 0.6489088 0.4212239
0.08 0.06435 0.666443 0.4442823
0.08 0.066825 0.6832973 0.4670241
0.08 0.0693 0.6995123 0.4894423
0.08 0.071775 0.7149466 0.5112681
0.08 0.07425 0.729787 0.5327032
0.08 0.076725 0.7438892 0.5534804
0.08 0.0792 0.7573028 0.5736117
0.08 0.081675 0.7703056 0.5934699
0.08 0.08415 0.7825267 0.6124423
0.08 0.086625 0.7942207 0.6308766
0.08 0.0891 0.8054466 0.6488299
0.08 0.091575 0.8160287 0.6659844
0.08 0.09405 0.8260445 0.6824274
0.08 0.096525 0.835651 0.6983863
0.08 0.099 0.8447654 0.7136985
0.08 0.102475 0.8566941 0.7339897
0.08 0.10495 0.8647542 0.7478611
0.08 0.107425 0.8723934 0.761129
0.08 0.1099 0.8795632 0.7736862
0.08 0.112375 0.88639 0.7857395
0.08 0.11485 0.8928273 0.7971901
0.08 0.117325 0.8989198 0.8081034
0.08 0.1198 0.9046807 0.8184913
0.08 0.122275 0.9101643 0.8284407
0.08 0.12475 0.9153426 0.8378919
0.08 0.127225 0.9202238 0.8468494
0.08 0.1297 0.9248244 0.8553354
0.08 0.132175 0.9292201 0.8634831
0.08 0.13465 0.9332962 0.8710733
0.08 0.137125 0.9371362 0.8782541
0.08 0.1396 0.9408465 0.8852204
0.08 0.142075 0.9442613 0.8916557
0.08 0.14455 0.9475338 0.8978454
0.08 0.147025 0.9505858 0.9036369
0.08 0.1495 0.9534771 0.9091408
0.08 0.151975 0.9561946 0.9143293
0.08 0.15445 0.9587676 0.919255
0.08 0.156925 0.9612031 0.92393
0.08 0.1594 0.9635098 0.9283687
0.08 0.161875 0.9656436 0.9324842
0.08 0.16435 0.9676668 0.9363945
0.08 0.166825 0.9695773 0.9400948
0.08 0.1693 0.9713582 0.9435505
0.08 0.171775 0.9730915 0.9469201
0.08 0.17425 0.9746903 0.9500335
0.08 0.176725 0.9761648 0.9529093
0.08 0.1792 0.9775629 0.9556401
0.08 0.181675 0.9789047 0.9582646
0.08 0.18415 0.9801812 0.9607647
0.08 0.186625 0.9813683 0.9630927
0.08 0.1891 0.9824538 0.9652241
0.08 0.191575 0.9834897 0.9672601
0.08 0.19405 0.9844972 0.9692422
0.08 0.196525 0.9854082 0.9710363
0.08 0.199 0.9862846 0.9727641
0.04 0.002475 0.0618304 0.004066474
0.04 0.00495 0.1231294 0.01540254
0.04 0.007425 0.1834358 0.0338859
0.04 0.0099 0.2425843 0.05907599
0.04 0.012375 0.2998025 0.0901032
0.04 0.01485 0.3550388 0.1262662
0.04 0.017325 0.4080163 0.1666811
0.04 0.0198 0.4581885 0.2101285
0.04 0.022275 0.5056477 0.2558601
0.04 0.02475 0.5502742 0.3029724
0.04 0.027225 0.5918603 0.3504563
0.04 0.0297 0.6306414 0.3978549
0.04 0.032175 0.6664811 0.4443322
0.04 0.03465 0.6995342 0.4894717
0.04 0.037125 0.7296969 0.5325716
0.04 0.0396 0.7574075 0.5737694
0.04 0.042075 0.782578 0.6125226
0.04 0.04455 0.8053515 0.6486767
0.04 0.047025 0.8261184 0.6825496
0.04 0.0495 0.8447464 0.7136668
0.04 0.051975 0.8615633 0.7423547
0.04 0.05445 0.8766674 0.7686025
0.04 0.056925 0.8902763 0.7926425
0.04 0.0594 0.9024565 0.8144729
0.04 0.061875 0.913283 0.8341269
0.04 0.06435 0.9229466 0.8518666
0.04 0.066825 0.9316459 0.8679967
0.04 0.0693 0.9393795 0.8824624
0.04 0.071775 0.9462345 0.8953853
0.04 0.07425 0.9522922 0.9068831
0.04 0.076725 0.9577514 0.9173077
0.04 0.0792 0.9625995 0.9266155
0.04 0.081675 0.9668799 0.9348726
0.04 0.08415 0.9706729 0.94222
0.04 0.086625 0.9740364 0.9487594
0.04 0.0891 0.9770019 0.9545439
0.04 0.091575 0.9796643 0.959752
0.04 0.09405 0.9820198 0.9643717
0.04 0.096525 0.9840879 0.9684368
0.04 0.099 0.9859361 0.9720768
0.04 0.102475 0.9881523 0.9764506
0.04 0.10495 0.9895492 0.9792128
0.04 0.107425 0.9907495 0.981589
0.04 0.1099 0.9918056 0.9836823
0.04 0.112375 0.9927474 0.9855509
0.04 0.11485 0.9936086 0.9872611
0.04 0.117325 0.9943538 0.9887421
0.04 0.1198 0.9950126 0.9900525
0.04 0.122275 0.9955948 0.9912112
0.04 0.12475 0.9960942 0.9922056
0.04 0.127225 0.9965548 0.9931232
0.04 0.1297 0.996951 0.9939128
0.04 0.132175 0.997308 0.9946245
0.04 0.13465 0.9976242 0.9952552
0.04 0.137125 0.9978993 0.9958041
0.04 0.1396 0.9981462 0.9962967
0.04 0.142075 0.9983632 0.9967299
0.04 0.14455 0.9985531 0.997109
0.04 0.147025 0.998714 0.9974302
0.04 0.1495 0.9988668 0.9977354
0.04 0.151975 0.9989982 0.9979979
0.04 0.15445 0.9991141 0.9982294
0.04 0.156925 0.9992213 0.9984436
0.04 0.1594 0.9993086 0.9986181
0.04 0.161875 0.9993874 0.9987755
0.04 0.16435 0.9994588 0.9989182
0.04 0.166825 0.9995217 0.9990439
0.04 0.1693 0.9995792 0.9991588
0.04 0.171775 0.9996258 0.9992518
0.04 0.17425 0.9996711 0.9993424
0.04 0.176725 0.9997079 0.9994161
0.04 0.1792 0.999741 0.9994823
0.04 0.181675 0.9997726 0.9995454
0.04 0.18415 0.9997981 0.9995962
0.04 0.186625 0.999821 0.9996421
0.04 0.1891 0.9998444 0.999689
0.04 0.191575 0.9998616 0.9997232
0.04 0.19405 0.9998767 0.9997535
0.04 0.196525 0.9998931 0.9997862
0.04 0.199 0.9999054 0.9998109
0.07 0.002475 0.03534574 0.001493224
0.07 0.00495 0.07062885 0.005231731
0.07 0.007425 0.1055493 0.01138342
0.07 0.0099 0.1404417 0.01996299
0.07 0.012375 0.1750422 0.03087681
0.07 0.01485 0.2090103 0.043921
0.07 0.017325 0.2425788 0.05907613
0.07 0.0198 0.2755143 0.0761342
0.07 0.022275 0.3078917 0.09501982
0.07 0.02475 0.3394506 0.1154441
0.07 0.027225 0.370397 0.1374049
0.07 0.0297 0.4006111 0.1606931
0.07 0.032175 0.4297348 0.184871
0.07 0.03465 0.4580985 0.2100453
0.07 0.037125 0.485628 0.236022
0.07 0.0396 0.5122262 0.2625574
0.07 0.042075 0.5378401 0.2894453
0.07 0.04455 0.562456 0.316524
0.07 0.047025 0.5862122 0.3438064
0.07 0.0495 0.6088947 0.3709077
0.07 0.051975 0.6305835 0.3977813
0.07 0.05445 0.6514977 0.4245903
0.07 0.056925 0.6714094 0.4509243
0.07 0.0594 0.6904343 0.4768275
0.07 0.061875 0.7083284 0.5018508
0.07 0.06435 0.7256016 0.5266134
0.07 0.066825 0.7418744 0.5504877
0.07 0.0693 0.7573357 0.5736614
0.07 0.071775 0.7720953 0.5962297
0.07 0.07425 0.785924 0.6177701
0.07 0.076725 0.7991076 0.6386607
0.07 0.0792 0.8114341 0.6585089
0.07 0.081675 0.8232063 0.6777481
0.07 0.08415 0.8343418 0.6962005
0.07 0.086625 0.8446705 0.713538
0.07 0.0891 0.8545291 0.7302859
0.07 0.091575 0.8638549 0.7463076
0.07 0.09405 0.8725585 0.7614167
0.07 0.096525 0.8807345 0.7757478
0.07 0.099 0.8884119 0.7893268
0.07 0.102475 0.8983937 0.8071585
0.07 0.10495 0.905032 0.8191271
0.07 0.107425 0.9112515 0.8304207
0.07 0.1099 0.9170832 0.8410805
0.07 0.112375 0.9224877 0.8510199
0.07 0.11485 0.9275474 0.8603782
0.07 0.117325 0.9323621 0.8693308
0.07 0.1198 0.9368 0.877624
0.07 0.122275 0.9409995 0.8855079
0.07 0.12475 0.9449257 0.8929105
0.07 0.127225 0.948578 0.8998248
0.07 0.1297 0.952039 0.9064012
0.07 0.132175 0.9552033 0.9124347
0.07 0.13465 0.9582306 0.9182259
0.07 0.137125 0.9610041 0.9235474
0.07 0.1396 0.9636505 0.9286397
0.07 0.142075 0.9660962 0.9333582
0.07 0.14455 0.9683524 0.9377217
0.07 0.147025 0.970501 0.9418863
0.07 0.1495 0.972453 0.9456783
0.07 0.151975 0.9743093 0.949291
0.07 0.15445 0.9760753 0.9527346
0.07 0.156925 0.9776625 0.9558347
0.07 0.1594 0.9791704 0.9587847
0.07 0.161875 0.9805742 0.9615351
0.07 0.16435 0.9818947 0.9641259
0.07 0.166825 0.9831265 0.9665459
0.07 0.1693 0.9842431 0.9687421
0.07 0.171775 0.9853609 0.9709431
0.07 0.17425 0.9863291 0.9728518
0.07 0.176725 0.987274 0.9747161
0.07 0.1792 0.9881069 0.9763611
0.07 0.181675 0.988928 0.9779839
0.07 0.18415 0.9896808 0.9794732
0.07 0.186625 0.9903777 0.9808527
0.07 0.1891 0.9910461 0.9821767
0.07 0.191575 0.991627 0.9833282
0.07 0.19405 0.9922088 0.9844822
0.07 0.196525 0.9927445 0.9855452
0.07 0.199 0.9932331 0.9865153
0.06 0.002475 0.04115602 0.001937959
0.06 0.00495 0.0822764 0.007009665
0.06 0.007425 0.1231469 0.01540725
0.06 0.0099 0.1635168 0.02697394
0.06 0.012375 0.2033115 0.04157019
0.06 0.01485 0.2426603 0.05911438
0.06 0.017325 0.2809264 0.07914417
0.06 0.0198 0.318511 0.1016693
0.06 0.022275 0.3550431 0.1262702
0.06 0.02475 0.3906374 0.1528052
0.06 0.027225 0.4249234 0.1807607
0.06 0.0297 0.4582399 0.2101774
0.06 0.032175 0.4900953 0.2403795
0.06 0.03465 0.5208154 0.2714269
0.06 0.037125 0.5502638 0.3029611
0.06 0.0396 0.5784422 0.3347573
0.06 0.042075 0.6051173 0.3663219
0.06 0.04455 0.6306868 0.3979116
0.06 0.047025 0.6549154 0.4290535
0.06 0.0495 0.677717 0.4594327
0.06 0.051975 0.6994584 0.4893659
0.06 0.05445 0.7199451 0.518439
0.06 0.056925 0.7392305 0.5465732
0.06 0.0594 0.7573999 0.5737589
0.06 0.061875 0.7744432 0.5998595
0.06 0.06435 0.7904487 0.6249011
0.06 0.066825 0.8053826 0.6487272
0.06 0.0693 0.8194418 0.6715649
0.06 0.071775 0.8325961 0.6932908
0.06 0.07425 0.8447428 0.7136598
0.06 0.076725 0.8561527 0.7330628
0.06 0.0792 0.8667666 0.7513447
0.06 0.081675 0.8767177 0.7686902
0.06 0.08415 0.8859033 0.7848772
0.06 0.086625 0.8944666 0.8001193
0.06 0.0891 0.9023971 0.8143657
0.06 0.091575 0.9098496 0.8278689
0.06 0.09405 0.9166358 0.8402599
0.06 0.096525 0.9229865 0.85194
0.06 0.099 0.9288734 0.8628392
0.06 0.102475 0.9363781 0.8768342
0.06 0.10495 0.9413169 0.8861054
0.06 0.107425 0.9457904 0.8945453
0.06 0.1099 0.9500037 0.9025307
0.06 0.112375 0.9538916 0.9099312
0.06 0.11485 0.9574319 0.9166961
0.06 0.117325 0.9607183 0.9229985
0.06 0.1198 0.9637769 0.9288832
0.06 0.122275 0.9666164 0.9343633
0.06 0.12475 0.9692072 0.9393773
0.06 0.127225 0.9716118 0.944043
0.06 0.1297 0.9738175 0.9483332
0.06 0.132175 0.9758663 0.9523266
0.06 0.13465 0.977777 0.9560586
0.06 0.137125 0.9795071 0.9594439
0.06 0.1396 0.9811232 0.9626118
0.06 0.142075 0.9826043 0.9655196
0.06 0.14455 0.9839691 0.968203
0.06 0.147025 0.985237 0.9706992
0.06 0.1495 0.9863884 0.9729687
0.06 0.151975 0.9874626 0.9750884
0.06 0.15445 0.9884406 0.9770203
0.06 0.156925 0.9893601 0.9788386
0.06 0.1594 0.9902031 0.980507
0.06 0.161875 0.9909787 0.9820432
0.06 0.16435 0.9916875 0.9834481
0.06 0.166825 0.9923331 0.9847287
0.06 0.1693 0.9929442 0.9859417
0.06 0.171775 0.9934939 0.9870332
0.06 0.17425 0.9940215 0.9880817
0.06 0.176725 0.9944863 0.9890056
0.06 0.1792 0.9949242 0.9898766
0.06 0.181675 0.9953149 0.990654
0.06 0.18415 0.9956949 0.9914104
0.06 0.186625 0.9960256 0.992069
0.06 0.1891 0.9963501 0.9927153
0.06 0.191575 0.9966337 0.9932804
0.06 0.19405 0.996902 0.9938152
0.06 0.196525 0.9971545 0.9943184
0.06 0.199 0.9973734 0.994755
0.03 0.002475 0.08234571 0.007021972
0.03 0.00495 0.1635745 0.02699391
0.03 0.007425 0.2425772 0.05907219
0.03 0.0099 0.3185479 0.1016913
0.03 0.012375 0.3905456 0.1527325
0.03 0.01485 0.4581525 0.210097
0.03 0.017325 0.5208654 0.2714773
0.03 0.0198 0.5784183 0.334731
0.03 0.022275 0.6306315 0.3978434
0.03 0.02475 0.6777904 0.4595307
0.03 0.027225 0.7199338 0.518422
0.03 0.0297 0.757353 0.5736873
0.03 0.032175 0.7903996 0.6248229
0.03 0.03465 0.8193845 0.6714707
0.03 0.037125 0.8447885 0.7137376
0.03 0.0396 0.8667868 0.7513806
0.03 0.042075 0.8859693 0.7849941
0.03 0.04455 0.9024396 0.8144427
0.03 0.047025 0.9166213 0.8402336
0.03 0.0495 0.9288761 0.8628443
0.03 0.051975 0.9393386 0.8823856
0.03 0.05445 0.9483359 0.8993655
0.03 0.056925 0.9560557 0.9140634
0.03 0.0594 0.962588 0.9265936
0.03 0.061875 0.9682103 0.9374465
0.03 0.06435 0.9729723 0.9466881
0.03 0.066825 0.9770508 0.9546394
0.03 0.0693 0.9805036 0.9613969
0.03 0.071775 0.9834278 0.9671384
0.03 0.07425 0.985926 0.9720569
0.03 0.076725 0.9880618 0.976272
0.03 0.0792 0.9898614 0.9798305
0.03 0.081675 0.9913914 0.9828611
0.03 0.08415 0.9927087 0.9854742
0.03 0.086625 0.9938153 0.9876719
0.03 0.0891 0.9947404 0.989511
0.03 0.091575 0.9955383 0.9910986
0.03 0.09405 0.9962295 0.992475
0.03 0.096525 0.9968036 0.993619
0.03 0.099 0.9972759 0.9945605
0.03 0.102475 0.9978326 0.9956709
0.03 0.10495 0.9981785 0.9963612
0.03 0.107425 0.9984506 0.9969043
0.03 0.1099 0.998683 0.9973684
0.03 0.112375 0.9988856 0.997773
0.03 0.11485 0.9990613 0.998124
0.03 0.117325 0.9991972 0.9983955
0.03 0.1198 0.9993265 0.9986537
0.03 0.122275 0.9994275 0.9988556
0.03 0.12475 0.9995136 0.9990276
0.03 0.127225 0.9995846 0.9991695
0.03 0.1297 0.9996482 0.9992966
0.03 0.132175 0.9997031 0.9994064
0.03 0.13465 0.999748 0.9994962
0.03 0.137125 0.9997844 0.9995689
0.03 0.1396 0.9998171 0.9996343
0.03 0.142075 0.9998459 0.9996919
0.03 0.14455 0.9998721 0.9997442
0.03 0.147025 0.9998895 0.9997792
0.03 0.1495 0.9999074 0.9998148
0.03 0.151975 0.9999201 0.9998402
0.03 0.15445 0.9999327 0.9998655
0.03 0.156925 0.9999435 0.999887
0.03 0.1594 0.9999504 0.9999009
0.03 0.161875 0.9999594 0.9999188
0.03 0.16435 0.9999651 0.9999303
0.03 0.166825 0.9999698 0.9999397
0.03 0.1693 0.9999751 0.9999502
0.03 0.171775 0.9999779 0.9999558
0.03 0.17425 0.999982 0.999964
0.03 0.176725 0.9999845 0.9999689
0.03 0.1792 0.999987 0.9999741
0.03 0.181675 0.9999889 0.9999778
0.03 0.18415 0.9999905 0.9999809
0.03 0.186625 0.9999921 0.9999841
0.03 0.1891 0.9999931 0.9999862
0.03 0.191575 0.9999941 0.9999882
0.03 0.19405 0.9999953 0.9999905
0.03 0.196525 0.9999959 0.9999917
0.03 0.199 0.9999962 0.9999924
0.05 0.002475 0.04945126 0.002688142
0.05 0.00495 0.0986354 0.00997156
0.05 0.007425 0.1474259 0.0219734
0.05 0.0099 0.195531 0.03846736
0.05 0.012375 0.2427532 0.05915898
0.05 0.01485 0.2884481 0.08342493
0.05 0.017325 0.3333183 0.1113187
0.05 0.0198 0.3766126 0.1420441
0.05 0.022275 0.418228 0.1751169
0.05 0.02475 0.4581219 0.210068
0.05 0.027225 0.4963635 0.2465609
0.05 0.0297 0.5328586 0.2841133
0.05 0.032175 0.5672324 0.3219174
0.05 0.03465 0.5999055 0.3600437
0.05 0.037125 0.6306619 0.397882
0.05 0.0396 0.6595703 0.4351718
0.05 0.042075 0.686658 0.4716286
0.05 0.04455 0.7119016 0.506924
0.05 0.047025 0.7354376 0.5409809
0.05 0.0495 0.7573707 0.5737152
0.05 0.051975 0.7775974 0.6047538
0.05 0.05445 0.7964748 0.6344619
0.05 0.056925 0.8138749 0.6624746
0.05 0.0594 0.8299507 0.6888936
0.05 0.061875 0.8447641 0.7136959
0.05 0.06435 0.8583308 0.7367962
0.05 0.066825 0.8708443 0.7584288
0.05 0.0693 0.8822783 0.7784693
0.05 0.071775 0.8928122 0.7971632
0.05 0.07425 0.9024256 0.8144172
0.05 0.076725 0.9111809 0.8302922
0.05 0.0792 0.919226 0.8450141
0.05 0.081675 0.9265581 0.8585445
0.05 0.08415 0.9332394 0.8709671
0.05 0.086625 0.9393632 0.882432
0.05 0.0891 0.9449225 0.8929047
0.05 0.091575 0.9499577 0.9024434
0.05 0.09405 0.9545784 0.9112416
0.05 0.096525 0.9588046 0.9193259
0.05 0.099 0.9625403 0.9265017
0.05 0.102475 0.9673564 0.935794
0.05 0.10495 0.9703986 0.9416879
0.05 0.107425 0.9731324 0.9469996
0.05 0.1099 0.9756359 0.9518772
0.05 0.112375 0.9779269 0.9563517
0.05 0.11485 0.9800069 0.9604231
0.05 0.117325 0.981844 0.9640265
0.05 0.1198 0.9835599 0.9673981
0.05 0.122275 0.9850878 0.9704052
0.05 0.12475 0.9864736 0.9731367
0.05 0.127225 0.9877318 0.9756201
0.05 0.1297 0.9888926 0.977914
0.05 0.132175 0.9899408 0.9799876
0.05 0.13465 0.9908741 0.9818359
0.05 0.137125 0.9917386 0.9835494
0.05 0.1396 0.9925181 0.9850958
0.05 0.142075 0.9932185 0.9864864
0.05 0.14455 0.9938487 0.9877382
0.05 0.147025 0.9944371 0.9889079
0.05 0.1495 0.9949667 0.9899611
0.05 0.151975 0.9954326 0.9908882
0.05 0.15445 0.9958694 0.9917578
0.05 0.156925 0.9962498 0.9925155
0.05 0.1594 0.9966015 0.9932161
0.05 0.161875 0.9969291 0.9938691
0.05 0.16435 0.9972148 0.9944387
0.05 0.166825 0.9974716 0.9949508
0.05 0.1693 0.9977067 0.9954199
0.05 0.171775 0.9979235 0.9958523
0.05 0.17425 0.9981159 0.9962362
0.05 0.176725 0.9983084 0.9966204
0.05 0.1792 0.9984614 0.9969259
0.05 0.181675 0.9986077 0.997218
0.05 0.18415 0.9987358 0.9974738
0.05 0.186625 0.9988521 0.997706
0.05 0.1891 0.9989633 0.9979282
0.05 0.191575 0.9990667 0.9981348
0.05 0.19405 0.9991534 0.9983079
0.05 0.196525 0.9992335 0.9984679
0.05 0.199 0.9993061 0.998613
0.09 0.002475 0.0275038 0.0009998815
0.09 0.00495 0.05494849 0.003262971
0.09 0.007425 0.08228283 0.00701303
0.09 0.0099 0.1096195 0.0122574
0.09 0.012375 0.1366185 0.01890259
0.09 0.01485 0.1634903 0.02696786
0.09 0.017325 0.1899465 0.03631434
0.09 0.0198 0.216611 0.04715337
0.09 0.022275 0.2424585 0.05901609
0.09 0.02475 0.2683371 0.07223122
0.09 0.027225 0.293605 0.0864276
0.09 0.0297 0.3184634 0.1016374
0.09 0.032175 0.3430357 0.1178882
0.09 0.03465 0.3669428 0.1348559
0.09 0.037125 0.3906334 0.152803
0.09 0.0396 0.4137005 0.1713522
0.09 0.042075 0.4360129 0.1903047
0.09 0.04455 0.4582326 0.2101706
0.09 0.047025 0.4795208 0.2301275
0.09 0.0495 0.5006073 0.2507914
0.09 0.051975 0.5208622 0.271476
0.09 0.05445 0.540563 0.2923813
0.09 0.056925 0.5598132 0.3135584
0.09 0.0594 0.5783723 0.3346776
0.09 0.061875 0.5963495 0.3557904
0.09 0.06435 0.6138302 0.3769392
0.09 0.066825 0.6306426 0.3978559
0.09 0.0693 0.6469432 0.4186782
0.09 0.071775 0.6627365 0.4393571
0.09 0.07425 0.677878 0.4596511
0.09 0.076725 0.6924106 0.4795594
0.09 0.0792 0.7064575 0.4992046
0.09 0.081675 0.7199962 0.5185132
0.09 0.08415 0.7328512 0.537183
0.09 0.086625 0.7453541 0.5556611
0.09 0.0891 0.7573102 0.5736231
0.09 0.091575 0.7688087 0.5911673
0.09 0.09405 0.7798504 0.6082623
0.09 0.096525 0.7904109 0.6248402
0.09 0.099 0.8004841 0.6408633
0.09 0.102475 0.813997 0.6626733
0.09 0.10495 0.822988 0.6773878
0.09 0.107425 0.8316727 0.6917555
0.09 0.1099 0.8399925 0.7056589
0.09 0.112375 0.8478619 0.7189387
0.09 0.11485 0.8554743 0.7319021
0.09 0.117325 0.8626546 0.7442357
0.09 0.1198 0.8695712 0.7562134
0.09 0.122275 0.8760344 0.7674931
0.09 0.12475 0.8822997 0.7785067
0.09 0.127225 0.8882854 0.7891021
0.09 0.1297 0.8938916 0.7990917
0.09 0.132175 0.8993023 0.8087909
0.09 0.13465 0.9044589 0.8180905
0.09 0.137125 0.909327 0.8269181
0.09 0.1396 0.9139631 0.8353687
0.09 0.142075 0.9184003 0.8434975
0.09 0.14455 0.9225879 0.8512049
0.09 0.147025 0.9265238 0.8584812
0.09 0.1495 0.9303933 0.8656643
0.09 0.151975 0.9339754 0.8723413
0.09 0.15445 0.9373974 0.8787437
0.09 0.156925 0.9406448 0.8848409
0.09 0.1594 0.9437415 0.8906748
0.09 0.161875 0.9466456 0.8961632
0.09 0.16435 0.9494499 0.9014791
0.09 0.166825 0.9520675 0.9064551
0.09 0.1693 0.9545988 0.9112804
0.09 0.171775 0.956949 0.915772
0.09 0.17425 0.9592479 0.9201759
0.09 0.176725 0.9613451 0.924203
0.09 0.1792 0.9634018 0.9281605
0.09 0.181675 0.9653388 0.9318957
0.09 0.18415 0.9671616 0.9354173
0.09 0.186625 0.9688602 0.9387052
0.09 0.1891 0.9705153 0.9419142
0.09 0.191575 0.9720807 0.9449544
0.09 0.19405 0.9735302 0.9477737
0.09 0.196525 0.9749344 0.9505093
0.09 0.199 0.9762686 0.9531119
0.02 0.002475 0.1231645 0.01540983
0.02 0.00495 0.2424913 0.05903127
0.02 0.007425 0.3550975 0.1263084
0.02 0.0099 0.4581826 0.2101249
0.02 0.012375 0.5501947 0.302885
0.02 0.01485 0.63063 0.397841
0.02 0.017325 0.69949 0.4894101
0.02 0.0198 0.757372 0.573716
0.02 0.022275 0.8053799 0.6487227
0.02 0.02475 0.8447882 0.7137372
0.02 0.027225 0.8766906 0.7686435
0.02 0.0297 0.9024386 0.8144405
0.02 0.032175 0.9229398 0.8518541
0.02 0.03465 0.9393578 0.8824219
0.02 0.037125 0.9523779 0.9070463
0.02 0.0396 0.9626213 0.9266577
0.02 0.042075 0.9706742 0.9422226
0.02 0.04455 0.9770228 0.9545847
0.02 0.047025 0.9820166 0.9643653
0.02 0.0495 0.9859325 0.9720698
0.02 0.051975 0.988997 0.9781205
0.02 0.05445 0.9914003 0.9828787
0.02 0.056925 0.9932824 0.9866132
0.02 0.0594 0.9947387 0.9895077
0.02 0.061875 0.995895 0.9918088
0.02 0.06435 0.9967965 0.9936048
0.02 0.066825 0.9974904 0.9949883
0.02 0.0693 0.9980454 0.9960955
0.02 0.071775 0.9984747 0.9969526
0.02 0.07425 0.9988087 0.9976194
0.02 0.076725 0.9990735 0.9981484
0.02 0.0792 0.9992743 0.9985496
0.02 0.081675 0.9994314 0.9988634
0.02 0.08415 0.9995549 0.9991103
0.02 0.086625 0.9996555 0.9993113
0.02 0.0891 0.9997284 0.999457
0.02 0.091575 0.999789 0.9995782
0.02 0.09405 0.9998359 0.999672
0.02 0.096525 0.9998704 0.9997409
0.02 0.099 0.9999002 0.9998004
0.02 0.102475 0.9999299 0.9998599
0.02 0.10495 0.9999452 0.9998903
0.02 0.107425 0.9999572 0.9999144
0.02 0.1099 0.9999659 0.9999317
0.02 0.112375 0.9999736 0.9999473
0.02 0.11485 0.999979 0.9999579
0.02 0.117325 0.9999844 0.9999689
0.02 0.1198 0.9999871 0.9999743
0.02 0.122275 0.99999 0.99998
0.02 0.12475 0.9999929 0.9999857
0.02 0.127225 0.9999937 0.9999873
0.02 0.1297 0.9999955 0.9999909
0.02 0.132175 0.9999962 0.9999925
0.02 0.13465 0.9999968 0.9999937
0.02 0.137125 0.9999979 0.9999959
0.02 0.1396 0.9999983 0.9999967
0.02 0.142075 0.9999985 0.9999971
0.02 0.14455 0.9999987 0.9999974
0.02 0.147025 0.9999991 0.9999982
0.02 0.1495 0.9999992 0.9999984
0.02 0.151975 0.9999994 0.9999988
0.02 0.15445 0.9999995 0.9999991
0.02 0.156925 0.9999996 0.9999992
0.02 0.1594 0.9999996 0.9999991
0.02 0.161875 0.9999998 0.9999996
0.02 0.16435 0.9999997 0.9999993
0.02 0.166825 0.9999999 0.9999998
0.02 0.1693 0.9999999 0.9999997
0.02 0.171775 0.9999999 0.9999998
0.02 0.17425 0.9999999 0.9999998
0.02 0.176725 1 0.9999999
0.02 0.1792 1 0.9999999
0.02 0.181675 1 1
0.02 0.18415 1 1
0.02 0.186625 1 1
0.02 0.1891 1 1
0.02 0.191575 1 1
0.02 0.19405 1 1
0.02 0.196525 1 1
0.02 0.199 1 1
