 Tiempo InterPos InterNeg InterPN IdealR MeasuredR Rho
           1                  801                  216                 5383   2796.9240722656250        856.73101806640625       0.30631186114838593     
           2                  848                  226                 5326   2796.9240722656250        847.65917968750000       0.30306835573153790     
           3                  824                  227                 5349   2796.9240722656250        851.31976318359375       0.30437714474457978     
           4                  811                  203                 5386   2796.9240722656250        857.20849609375000       0.30648257655395539     
           5                  846                  209                 5345   2796.9240722656250        850.68316650390625       0.30414953875198247     
           6                  807                  200                 5393   2796.9240722656250        858.32257080078125       0.30688089795212214     
           7                  858                  229                 5313   2796.9240722656250        845.59020996093750       0.30232862534447502     
           8                  865                  230                 5305   2796.9240722656250        844.31695556640625       0.30187339153703741     
           9                  873                  236                 5291   2796.9240722656250        842.08880615234375       0.30107674874070378     
          10                  838                  231                 5331   2796.9240722656250        848.45495605468750       0.30335287413340606     
          11                  849                  215                 5336   2796.9240722656250        849.25073242187500       0.30363739253527411     
          12                  819                  233                 5348   2796.9240722656250        851.16058349609375       0.30432023233530903     
          13                  849                  247                 5304   2796.9240722656250        844.15777587890625       0.30181647912776666     
          14                  841                  235                 5324   2796.9240722656250        847.34088134765625       0.30295455273523919     
          15                  853                  236                 5311   2796.9240722656250        845.27185058593750       0.30221480052593352     
          16                  886                  250                 5264   2796.9240722656250        837.79162597656250       0.29954035373506449     
          17                  874                  271                 5255   2796.9240722656250        836.35919189453125       0.29902820751835624     
          18                  842                  225                 5333   2796.9240722656250        848.77331542968750       0.30346669895194756     
          19                  864                  224                 5312   2796.9240722656250        845.43103027343750       0.30227171293520427     
          20                  891                  249                 5260   2796.9240722656250        837.15496826171875       0.29931272592022429     
          21                  864                  252                 5284   2796.9240722656250        840.97467041015625       0.30067840552029423     
          22                  849                  210                 5341   2796.9240722656250        850.04650878906250       0.30392191093714227     
          23                  890                  206                 5304   2796.9240722656250        844.15777587890625       0.30181647912776666     
          24                  868                  227                 5305   2796.9240722656250        844.31695556640625       0.30187339153703741     
          25                  824                  211                 5365   2796.9240722656250        853.86627197265625       0.30528761235945490     
          26                  826                  247                 5327   2796.9240722656250        847.81835937500000       0.30312526814080865     
          27                  836                  222                 5342   2796.9240722656250        850.20568847656250       0.30397882334641302     
          28                  898                  201                 5301   2796.9240722656250        843.68035888671875       0.30164578554444010     
          29                  848                  246                 5306   2796.9240722656250        844.47607421875000       0.30193028212406536     
          30                  831                  194                 5375   2796.9240722656250        855.45782470703125       0.30585664916319122     
          31                  851                  214                 5335   2796.9240722656250        849.09161376953125       0.30358050194824615     
          32                  878                  237                 5285   2796.9240722656250        841.13385009765625       0.30073531792956498     
          33                  867                  215                 5318   2796.9240722656250        846.38598632812500       0.30261314374634318     
          34                  828                  238                 5334   2796.9240722656250        848.93243408203125       0.30352358953897540     
          35                  860                  236                 5304   2796.9240722656250        844.15777587890625       0.30181647912776666     
          36                  832                  240                 5328   2796.9240722656250        847.97753906250000       0.30318218055007939     
          37                  857                  236                 5307   2796.9240722656250        844.63525390625000       0.30198719453333611     
          38                  850                  238                 5312   2796.9240722656250        845.43103027343750       0.30227171293520427     
          39                  825                  219                 5356   2796.9240722656250        852.43383789062500       0.30477546614274664     
          40                  846                  252                 5302   2796.9240722656250        843.83947753906250       0.30170267613146806     
          41                  893                  274                 5233   2796.9240722656250        832.85778808593750       0.29777633091458500     
          42                  895                  257                 5248   2796.9240722656250        835.24511718750000       0.29862988612018937     
          43                  839                  208                 5353   2796.9240722656250        851.95635986328125       0.30460475073717719     
          44                  827                  217                 5356   2796.9240722656250        852.43383789062500       0.30477546614274664     
          45                  896                  215                 5289   2796.9240722656250        841.77044677734375       0.30096292392216228     
          46                  875                  212                 5313   2796.9240722656250        845.59020996093750       0.30232862534447502     
          47                  861                  208                 5331   2796.9240722656250        848.45495605468750       0.30335287413340606     
          48                  854                  225                 5321   2796.9240722656250        846.86340332031250       0.30278383732966974     
          49                  896                  241                 5263   2796.9240722656250        837.63244628906250       0.29948344132579374     
          50                  894                  256                 5250   2796.9240722656250        835.56341552734375       0.29874368911648808     
          51                  855                  221                 5324   2796.9240722656250        847.34088134765625       0.30295455273523919     
          52                  888                  262                 5250   2796.9240722656250        835.56341552734375       0.29874368911648808     
          53                  870                  226                 5304   2796.9240722656250        844.15777587890625       0.30181647912776666     
          54                  835                  207                 5358   2796.9240722656250        852.75213623046875       0.30488926913904535     
          55                  858                  194                 5348   2796.9240722656250        851.16058349609375       0.30432023233530903     
          56                  906                  240                 5254   2796.9240722656250        836.20007324218750       0.29897131693132828     
          57                  889                  243                 5268   2796.9240722656250        838.42822265625000       0.29976795972766190     
          58                  899                  242                 5259   2796.9240722656250        836.99584960937500       0.29925583533319644     
          59                  934                  248                 5218   2796.9240722656250        830.47045898437500       0.29692277570898062     
          60                  844                  249                 5307   2796.9240722656250        844.63525390625000       0.30198719453333611     
          61                  888                  233                 5279   2796.9240722656250        840.17889404296875       0.30039388711842607     
          62                  893                  235                 5272   2796.9240722656250        839.06481933593750       0.29999556572025932     
          63                  951                  260                 5189   2796.9240722656250        825.85498046875000       0.29527257770704263     
          64                  925                  246                 5229   2796.9240722656250        832.22119140625000       0.29754872492198770     
          65                  870                  236                 5294   2796.9240722656250        842.56622314453125       0.30124744232403045     
          66                  918                  269                 5213   2796.9240722656250        829.67468261718750       0.29663825730711257     
          67                  932                  261                 5207   2796.9240722656250        828.71978759765625       0.29629684831821645     
          68                  848                  250                 5302   2796.9240722656250        843.83947753906250       0.30170267613146806     
          69                  869                  253                 5278   2796.9240722656250        840.01977539062500       0.30033699653139811     
          70                  893                  240                 5267   2796.9240722656250        838.26904296875000       0.29971104731839115     
          71                  954                  278                 5168   2796.9240722656250        822.51269531250000       0.29407759169029946     
          72                  925                  243                 5232   2796.9240722656250        832.69866943359375       0.29771944032755715     
          73                  946                  279                 5175   2796.9240722656250        823.62683105468750       0.29447593491070900     
          74                  940                  277                 5183   2796.9240722656250        824.90002441406250       0.29493114689590383     
          75                  948                  265                 5187   2796.9240722656250        825.53668212890625       0.29515877471074403     
          76                  954                  274                 5172   2796.9240722656250        823.14935302734375       0.29430521950513966     
          77                  978                  299                 5123   2796.9240722656250        815.35076904296875       0.29151694789572913     
          78                  964                  280                 5156   2796.9240722656250        820.60284423828125       0.29339475189026454     
          79                  908                  247                 5245   2796.9240722656250        834.76763916015625       0.29845917071461991     
          80                  848                  263                 5289   2796.9240722656250        841.77044677734375       0.30096292392216228     
          81                  919                  255                 5226   2796.9240722656250        831.74371337890625       0.29737800951641824     
          82                  888                  256                 5256   2796.9240722656250        836.51837158203125       0.29908511992762699     
          83                  913                  288                 5199   2796.9240722656250        827.44653320312500       0.29584161451077895     
          84                  915                  245                 5240   2796.9240722656250        833.97186279296875       0.29817465231275186     
          85                  917                  251                 5232   2796.9240722656250        832.69866943359375       0.29771944032755715     
          86                  936                  265                 5199   2796.9240722656250        827.44653320312500       0.29584161451077895     
          87                  954                  298                 5148   2796.9240722656250        819.32965087890625       0.29293953990506971     
          88                  879                  246                 5275   2796.9240722656250        839.54229736328125       0.30016628112582866     
          89                  949                  254                 5197   2796.9240722656250        827.12823486328125       0.29572781151448024     
          90                  962                  247                 5191   2796.9240722656250        826.17327880859375       0.29538638070334133     
          91                  926                  274                 5200   2796.9240722656250        827.60565185546875       0.29589850509780691     
          92                  881                  217                 5302   2796.9240722656250        843.83947753906250       0.30170267613146806     
          93                  858                  250                 5292   2796.9240722656250        842.24792480468750       0.30113363932773174     
          94                  868                  234                 5298   2796.9240722656250        843.20288085937500       0.30147507013887065     
          95                  911                  254                 5235   2796.9240722656250        833.17608642578125       0.29789013391088370     
          96                  888                  262                 5250   2796.9240722656250        835.56341552734375       0.29874368911648808     
          97                  905                  277                 5218   2796.9240722656250        830.47045898437500       0.29692277570898062     
          98                  916                  243                 5241   2796.9240722656250        834.13104248046875       0.29823156472202261     
          99                  915                  237                 5248   2796.9240722656250        835.24511718750000       0.29862988612018937     
         100                  904                  234                 5262   2796.9240722656250        837.47326660156250       0.29942652891652299     
         101                  888                  231                 5281   2796.9240722656250        840.49725341796875       0.30050771193696757     
         102                  915                  264                 5221   2796.9240722656250        830.94793701171875       0.29709349111455008     
         103                  855                  255                 5290   2796.9240722656250        841.92962646484375       0.30101983633143303     
         104                  924                  262                 5214   2796.9240722656250        829.83386230468750       0.29669516971638332     
         105                  893                  245                 5262   2796.9240722656250        837.47326660156250       0.29942652891652299     
         106                  859                  247                 5294   2796.9240722656250        842.56622314453125       0.30124744232403045     
         107                  924                  238                 5238   2796.9240722656250        833.65356445312500       0.29806084931645316     
         108                  893                  257                 5250   2796.9240722656250        835.56341552734375       0.29874368911648808     
         109                  902                  256                 5242   2796.9240722656250        834.29016113281250       0.29828845530905057     
         110                  930                  265                 5205   2796.9240722656250        828.40142822265625       0.29618302349967496     
         111                  857                  265                 5278   2796.9240722656250        840.01977539062500       0.30033699653139811     
         112                  883                  248                 5269   2796.9240722656250        838.58734130859375       0.29982485031468986     
         113                  869                  226                 5305   2796.9240722656250        844.31695556640625       0.30187339153703741     
         114                  927                  263                 5210   2796.9240722656250        829.19720458984375       0.29646754190154312     
         115                  931                  236                 5233   2796.9240722656250        832.85778808593750       0.29777633091458500     
         116                  876                  255                 5269   2796.9240722656250        838.58734130859375       0.29982485031468986     
         117                  905                  251                 5244   2796.9240722656250        834.60852050781250       0.29840228012759207     
         118                  939                  263                 5198   2796.9240722656250        827.28735351562500       0.29578470210150820     
         119                  909                  264                 5227   2796.9240722656250        831.90289306640625       0.29743492192568899     
         120                  925                  238                 5237   2796.9240722656250        833.49438476562500       0.29800393690718241     
         121                  942                  241                 5217   2796.9240722656250        830.31134033203125       0.29686588512195278     
         122                  925                  253                 5222   2796.9240722656250        831.10711669921875       0.29715040352382083     
         123                  907                  240                 5253   2796.9240722656250        836.04089355468750       0.29891440452205753     
         124                  909                  287                 5204   2796.9240722656250        828.24230957031250       0.29612613291264700     
         125                  935                  276                 5189   2796.9240722656250        825.85498046875000       0.29527257770704263     
         126                  895                  272                 5233   2796.9240722656250        832.85778808593750       0.29777633091458500     
         127                  935                  265                 5200   2796.9240722656250        827.60565185546875       0.29589850509780691     
         128                  876                  241                 5283   2796.9240722656250        840.81555175781250       0.30062151493326628     
         129                  897                  269                 5234   2796.9240722656250        833.01696777343750       0.29783324332385575     
         130                  937                  267                 5196   2796.9240722656250        826.96905517578125       0.29567089910520949     
         131                  958                  252                 5190   2796.9240722656250        826.01416015625000       0.29532949011631338     
         132                  914                  245                 5241   2796.9240722656250        834.13104248046875       0.29823156472202261     
         133                  914                  238                 5248   2796.9240722656250        835.24511718750000       0.29862988612018937     
         134                  918                  275                 5207   2796.9240722656250        828.71978759765625       0.29629684831821645     
         135                  901                  225                 5274   2796.9240722656250        839.38311767578125       0.30010936871655791     
         136                  957                  262                 5181   2796.9240722656250        824.58172607421875       0.29481734389960512     
         137                  928                  276                 5196   2796.9240722656250        826.96905517578125       0.29567089910520949     
         138                  958                  264                 5178   2796.9240722656250        824.10424804687500       0.29464662849403567     
         139                  909                  252                 5239   2796.9240722656250        833.81274414062500       0.29811776172572391     
         140                  958                  285                 5157   2796.9240722656250        820.76202392578125       0.29345166429953529     
         141                  926                  274                 5200   2796.9240722656250        827.60565185546875       0.29589850509780691     
         142                  967                  271                 5162   2796.9240722656250        821.55780029296875       0.29373618270140334     
         143                  952                  277                 5171   2796.9240722656250        822.99017333984375       0.29424830709586891     
         144                  954                  297                 5149   2796.9240722656250        819.48876953125000       0.29299643049209767     
         145                  935                  251                 5214   2796.9240722656250        829.83386230468750       0.29669516971638332     
         146                  947                  276                 5177   2796.9240722656250        823.94512939453125       0.29458973790700771     
         147                  905                  278                 5217   2796.9240722656250        830.31134033203125       0.29686588512195278     
         148                  947                  247                 5206   2796.9240722656250        828.56060791015625       0.29623993590894571     
         149                  900                  235                 5265   2796.9240722656250        837.95074462890625       0.29959724432209245     
         150                  930                  262                 5208   2796.9240722656250        828.87890625000000       0.29635373890524441     
         151                  940                  239                 5221   2796.9240722656250        830.94793701171875       0.29709349111455008     
         152                  956                  260                 5184   2796.9240722656250        825.05920410156250       0.29498805930517458     
         153                  884                  242                 5274   2796.9240722656250        839.38311767578125       0.30010936871655791     
         154                  943                  264                 5193   2796.9240722656250        826.49157714843750       0.29550018369964004     
         155                  975                  274                 5151   2796.9240722656250        819.80706787109375       0.29311023348839638     
         156                  965                  278                 5157   2796.9240722656250        820.76202392578125       0.29345166429953529     
         157                  978                  282                 5140   2796.9240722656250        818.05639648437500       0.29248430609763221     
         158                  978                  270                 5152   2796.9240722656250        819.96624755859375       0.29316714589766713     
         159                  979                  289                 5132   2796.9240722656250        816.78314208984375       0.29202907229019459     
         160                 1038                  289                 5073   2796.9240722656250        807.39300537109375       0.28867176387704785     
         161                  949                  277                 5174   2796.9240722656250        823.46765136718750       0.29441902250143825     
         162                  959                  283                 5158   2796.9240722656250        820.92120361328125       0.29350857670880603     
         163                  906                  280                 5214   2796.9240722656250        829.83386230468750       0.29669516971638332     
         164                  984                  296                 5120   2796.9240722656250        814.87329101562500       0.29134623249015967     
         165                  980                  267                 5153   2796.9240722656250        820.12542724609375       0.29322405830693787     
         166                  951                  270                 5179   2796.9240722656250        824.26342773437500       0.29470354090330642     
         167                 1004                  274                 5122   2796.9240722656250        815.19158935546875       0.29146003548645838     
         168                  987                  260                 5153   2796.9240722656250        820.12542724609375       0.29322405830693787     
         169                 1003                  301                 5096   2796.9240722656250        811.05358886718750       0.28998055289008984     
         170                  962                  281                 5157   2796.9240722656250        820.76202392578125       0.29345166429953529     
         171                  946                  271                 5183   2796.9240722656250        824.90002441406250       0.29493114689590383     
         172                  972                  274                 5154   2796.9240722656250        820.28454589843750       0.29328094889396583     
         173                  996                  276                 5128   2796.9240722656250        816.14654541015625       0.29180146629759729     
         174                  937                  226                 5237   2796.9240722656250        833.49438476562500       0.29800393690718241     
         175                  950                  248                 5202   2796.9240722656250        827.92401123046875       0.29601232991634840     
         176                  946                  285                 5169   2796.9240722656250        822.67187500000000       0.29413450409957020     
         177                  972                  294                 5134   2796.9240722656250        817.10144042968750       0.29214287528649330     
         178                  977                  274                 5149   2796.9240722656250        819.48876953125000       0.29299643049209767     
         179                 1021                  285                 5094   2796.9240722656250        810.73522949218750       0.28986672807154834     
         180                  987                  259                 5154   2796.9240722656250        820.28454589843750       0.29328094889396583     
         181                  987                  250                 5163   2796.9240722656250        821.71691894531250       0.29379307328843129     
         182                  931                  273                 5196   2796.9240722656250        826.96905517578125       0.29567089910520949     
         183                  946                  288                 5166   2796.9240722656250        822.19439697265625       0.29396378869400075     
         184                 1015                  299                 5086   2796.9240722656250        809.46203613281250       0.28941151608635363     
         185                  982                  259                 5159   2796.9240722656250        821.08032226562500       0.29356546729583388     
         186                  968                  253                 5179   2796.9240722656250        824.26342773437500       0.29470354090330642     
         187                 1006                  299                 5095   2796.9240722656250        810.89440917968750       0.28992364048081909     
         188                  988                  285                 5127   2796.9240722656250        815.98736572265625       0.29174455388832654     
         189                  963                  285                 5152   2796.9240722656250        819.96624755859375       0.29316714589766713     
         190                  918                  267                 5215   2796.9240722656250        829.99298095703125       0.29675206030341128     
         191                  967                  276                 5157   2796.9240722656250        820.76202392578125       0.29345166429953529     
         192                  926                  300                 5174   2796.9240722656250        823.46765136718750       0.29441902250143825     
         193                  983                  266                 5151   2796.9240722656250        819.80706787109375       0.29311023348839638     
         194                  964                  271                 5165   2796.9240722656250        822.03527832031250       0.29390689810697279     
         195                  988                  282                 5130   2796.9240722656250        816.46484375000000       0.29191526929389600     
         196                 1010                  289                 5101   2796.9240722656250        811.84936523437500       0.29026507129195800     
         197                  996                  262                 5142   2796.9240722656250        818.37469482421875       0.29259810909393091     
         198                 1024                  294                 5082   2796.9240722656250        808.82537841796875       0.28918388827151342     
         199                  982                  283                 5135   2796.9240722656250        817.26062011718750       0.29219978769576405     
         200                 1021                  276                 5103   2796.9240722656250        812.16766357421875       0.29037887428825659     
         201                 1001                  287                 5112   2796.9240722656250        813.60003662109375       0.29089099868272217     
         202                 1003                  287                 5110   2796.9240722656250        813.28173828125000       0.29077719568642346     
         203                  996                  285                 5119   2796.9240722656250        814.71411132812500       0.29128932008088892     
         204                  978                  258                 5164   2796.9240722656250        821.87609863281250       0.29384998569770204     
         205                 1036                  274                 5090   2796.9240722656250        810.09863281250000       0.28963912207895093     
         206                  995                  289                 5116   2796.9240722656250        814.23669433593750       0.29111862649756237     
         207                 1012                  264                 5124   2796.9240722656250        815.50988769531250       0.29157383848275709     
         208                 1000                  279                 5121   2796.9240722656250        815.03247070312500       0.29140314489943042     
         209                 1001                  282                 5117   2796.9240722656250        814.39581298828125       0.29117551708459022     
         210                 1060                  296                 5044   2796.9240722656250        802.77752685546875       0.28702156587510996     
         211                  989                  309                 5102   2796.9240722656250        812.00848388671875       0.29032196187898585     
         212                 1012                  286                 5102   2796.9240722656250        812.00848388671875       0.29032196187898585     
         213                  974                  253                 5173   2796.9240722656250        823.30847167968750       0.29436211009216751     
         214                  973                  278                 5149   2796.9240722656250        819.48876953125000       0.29299643049209767     
         215                  984                  267                 5149   2796.9240722656250        819.48876953125000       0.29299643049209767     
         216                  998                  271                 5131   2796.9240722656250        816.62396240234375       0.29197215988092384     
         217                 1025                  283                 5092   2796.9240722656250        810.41693115234375       0.28975292507524963     
         218                  988                  266                 5146   2796.9240722656250        819.01129150390625       0.29282571508652822     
         219                 1028                  262                 5110   2796.9240722656250        813.28173828125000       0.29077719568642346     
         220                  983                  265                 5152   2796.9240722656250        819.96624755859375       0.29316714589766713     
         221                  984                  279                 5137   2796.9240722656250        817.57891845703125       0.29231359069206275     
         222                 1051                  305                 5044   2796.9240722656250        802.77752685546875       0.28702156587510996     
         223                 1037                  284                 5079   2796.9240722656250        808.34796142578125       0.28901319468818676     
         224                  986                  262                 5152   2796.9240722656250        819.96624755859375       0.29316714589766713     
         225                 1021                  320                 5059   2796.9240722656250        805.16485595703125       0.28787512108071422     
         226                 1014                  326                 5060   2796.9240722656250        805.32397460937500       0.28793201166774218     
         227                 1044                  319                 5037   2796.9240722656250        801.66345214843750       0.28662324447694310     
         228                 1018                  279                 5103   2796.9240722656250        812.16766357421875       0.29037887428825659     
         229                  995                  297                 5108   2796.9240722656250        812.96343994140625       0.29066339269012476     
         230                  973                  296                 5131   2796.9240722656250        816.62396240234375       0.29197215988092384     
         231                  971                  289                 5140   2796.9240722656250        818.05639648437500       0.29248430609763221     
         232                  996                  252                 5152   2796.9240722656250        819.96624755859375       0.29316714589766713     
         233                  985                  303                 5112   2796.9240722656250        813.60003662109375       0.29089099868272217     
         234                 1028                  299                 5073   2796.9240722656250        807.39300537109375       0.28867176387704785     
         235                 1017                  276                 5107   2796.9240722656250        812.80426025390625       0.29060648028085401     
         236                 1021                  316                 5063   2796.9240722656250        805.80145263671875       0.28810272707331164     
         237                 1009                  314                 5077   2796.9240722656250        808.02960205078125       0.28889936986964526     
         238                 1004                  312                 5084   2796.9240722656250        809.14373779296875       0.28929771309005492     
         239                 1020                  276                 5104   2796.9240722656250        812.32678222656250       0.29043576487528455     
         240                  962                  296                 5142   2796.9240722656250        818.37469482421875       0.29259810909393091     
         241                 1030                  290                 5080   2796.9240722656250        808.50708007812500       0.28907008527521472     
         242                  970                  286                 5144   2796.9240722656250        818.69299316406250       0.29271191209022951     
         243                  988                  321                 5091   2796.9240722656250        810.25781250000000       0.28969603448822168     
         244                  999                  313                 5088   2796.9240722656250        809.78033447265625       0.28952531908265222     
         245                  998                  307                 5095   2796.9240722656250        810.89440917968750       0.28992364048081909     
         246                 1012                  308                 5080   2796.9240722656250        808.50708007812500       0.28907008527521472     
         247                 1050                  279                 5071   2796.9240722656250        807.07470703125000       0.28855796088074925     
         248                 1025                  294                 5081   2796.9240722656250        808.66625976562500       0.28912699768448547     
         249                 1068                  319                 5013   2796.9240722656250        797.84368896484375       0.28525754305463047     
         250                 1042                  293                 5065   2796.9240722656250        806.11975097656250       0.28821653006961034     
         251                 1028                  303                 5069   2796.9240722656250        806.75640869140625       0.28844415788445055     
         252                 1023                  295                 5082   2796.9240722656250        808.82537841796875       0.28918388827151342     
         253                  969                  283                 5148   2796.9240722656250        819.32965087890625       0.29293953990506971     
         254                 1041                  324                 5035   2796.9240722656250        801.34509277343750       0.28650941965840160     
         255                 1023                  285                 5092   2796.9240722656250        810.41693115234375       0.28975292507524963     
         256                 1006                  275                 5119   2796.9240722656250        814.71411132812500       0.29128932008088892     
         257                 1042                  324                 5034   2796.9240722656250        801.18597412109375       0.28645252907137364     
         258                 1045                  316                 5039   2796.9240722656250        801.98175048828125       0.28673704747324180     
         259                 1014                  282                 5104   2796.9240722656250        812.32678222656250       0.29043576487528455     
         260                  989                  292                 5119   2796.9240722656250        814.71411132812500       0.29128932008088892     
         261                 1036                  279                 5085   2796.9240722656250        809.30285644531250       0.28935460367708288     
         262                 1032                  289                 5079   2796.9240722656250        808.34796142578125       0.28901319468818676     
         263                 1022                  291                 5087   2796.9240722656250        809.62115478515625       0.28946840667338147     
         264                 1014                  306                 5080   2796.9240722656250        808.50708007812500       0.28907008527521472     
         265                 1039                  339                 5022   2796.9240722656250        799.27612304687500       0.28576968927133872     
         266                 1047                  306                 5047   2796.9240722656250        803.25500488281250       0.28719228128067931     
         267                 1008                  322                 5070   2796.9240722656250        806.91552734375000       0.28850104847147851     
         268                  993                  299                 5108   2796.9240722656250        812.96343994140625       0.29066339269012476     
         269                 1007                  334                 5059   2796.9240722656250        805.16485595703125       0.28787512108071422     
         270                 1000                  294                 5106   2796.9240722656250        812.64514160156250       0.29054958969382605     
         271                 1023                  320                 5057   2796.9240722656250        804.84649658203125       0.28776129626217273     
         272                 1019                  297                 5084   2796.9240722656250        809.14373779296875       0.28929771309005492     
         273                 1035                  321                 5044   2796.9240722656250        802.77752685546875       0.28702156587510996     
         274                  996                  322                 5082   2796.9240722656250        808.82537841796875       0.28918388827151342     
         275                 1005                  323                 5072   2796.9240722656250        807.23382568359375       0.28861485146777710     
         276                 1015                  311                 5074   2796.9240722656250        807.55218505859375       0.28872867628631860     
         277                 1040                  310                 5050   2796.9240722656250        803.73242187500000       0.28736297486400597     
         278                 1004                  309                 5087   2796.9240722656250        809.62115478515625       0.28946840667338147     
         279                 1051                  302                 5047   2796.9240722656250        803.25500488281250       0.28719228128067931     
         280                 1023                  297                 5080   2796.9240722656250        808.50708007812500       0.28907008527521472     
         281                 1030                  300                 5070   2796.9240722656250        806.91552734375000       0.28850104847147851     
         282                 1063                  312                 5025   2796.9240722656250        799.75354003906250       0.28594038285466539     
         283                 1075                  314                 5011   2796.9240722656250        797.52539062500000       0.28514374005833176     
         284                  999                  314                 5087   2796.9240722656250        809.62115478515625       0.28946840667338147     
         285                 1068                  345                 4987   2796.9240722656250        793.70568847656250       0.28377806045826182     
         286                 1052                  301                 5047   2796.9240722656250        803.25500488281250       0.28719228128067931     
         287                 1035                  315                 5050   2796.9240722656250        803.73242187500000       0.28736297486400597     
         288                 1063                  298                 5039   2796.9240722656250        801.98175048828125       0.28673704747324180     
         289                 1013                  272                 5115   2796.9240722656250        814.07751464843750       0.29106171408829162     
         290                 1016                  257                 5127   2796.9240722656250        815.98736572265625       0.29174455388832654     
         291                 1006                  312                 5082   2796.9240722656250        808.82537841796875       0.28918388827151342     
         292                 1036                  318                 5046   2796.9240722656250        803.09582519531250       0.28713536887140856     
         293                 1011                  292                 5097   2796.9240722656250        811.21270751953125       0.29003744347711780     
         294                 1023                  280                 5097   2796.9240722656250        811.21270751953125       0.29003744347711780     
         295                 1010                  296                 5094   2796.9240722656250        810.73522949218750       0.28986672807154834     
         296                 1031                  303                 5066   2796.9240722656250        806.27893066406250       0.28827344247888109     
         297                 1045                  306                 5049   2796.9240722656250        803.57330322265625       0.28730608427697801     
         298                  997                  320                 5083   2796.9240722656250        808.98455810546875       0.28924080068078417     
         299                 1003                  316                 5081   2796.9240722656250        808.66625976562500       0.28912699768448547     
         300                 1021                  294                 5085   2796.9240722656250        809.30285644531250       0.28935460367708288     
         301                  998                  296                 5106   2796.9240722656250        812.64514160156250       0.29054958969382605     
         302                 1025                  277                 5098   2796.9240722656250        811.37188720703125       0.29009435588638854     
         303                  982                  282                 5136   2796.9240722656250        817.41973876953125       0.29225667828279200     
         304                 1008                  304                 5088   2796.9240722656250        809.78033447265625       0.28952531908265222     
         305                 1056                  306                 5038   2796.9240722656250        801.82257080078125       0.28668013506397105     
         306                 1047                  313                 5040   2796.9240722656250        802.14086914062500       0.28679393806026976     
         307                 1057                  306                 5037   2796.9240722656250        801.66345214843750       0.28662324447694310     
         308                 1037                  319                 5044   2796.9240722656250        802.77752685546875       0.28702156587510996     
         309                  992                  287                 5121   2796.9240722656250        815.03247070312500       0.29140314489943042     
         310                 1024                  290                 5086   2796.9240722656250        809.46203613281250       0.28941151608635363     
         311                 1024                  271                 5105   2796.9240722656250        812.48596191406250       0.29049267728455530     
         312                 1041                  287                 5072   2796.9240722656250        807.23382568359375       0.28861485146777710     
         313                 1026                  314                 5060   2796.9240722656250        805.32397460937500       0.28793201166774218     
         314                 1001                  305                 5094   2796.9240722656250        810.73522949218750       0.28986672807154834     
         315                 1022                  305                 5073   2796.9240722656250        807.39300537109375       0.28867176387704785     
         316                 1010                  333                 5057   2796.9240722656250        804.84649658203125       0.28776129626217273     
         317                  991                  319                 5090   2796.9240722656250        810.09863281250000       0.28963912207895093     
         318                  985                  302                 5113   2796.9240722656250        813.75921630859375       0.29094791109199292     
         319                 1045                  308                 5047   2796.9240722656250        803.25500488281250       0.28719228128067931     
         320                 1007                  286                 5107   2796.9240722656250        812.80426025390625       0.29060648028085401     
         321                 1017                  310                 5073   2796.9240722656250        807.39300537109375       0.28867176387704785     
         322                 1033                  332                 5035   2796.9240722656250        801.34509277343750       0.28650941965840160     
         323                 1036                  304                 5060   2796.9240722656250        805.32397460937500       0.28793201166774218     
         324                  981                  299                 5120   2796.9240722656250        814.87329101562500       0.29134623249015967     
         325                 1004                  299                 5097   2796.9240722656250        811.21270751953125       0.29003744347711780     
         326                 1000                  302                 5098   2796.9240722656250        811.37188720703125       0.29009435588638854     
         327                 1016                  320                 5064   2796.9240722656250        805.96063232421875       0.28815963948258239     
         328                 1024                  337                 5039   2796.9240722656250        801.98175048828125       0.28673704747324180     
         329                 1019                  297                 5084   2796.9240722656250        809.14373779296875       0.28929771309005492     
         330                 1036                  304                 5060   2796.9240722656250        805.32397460937500       0.28793201166774218     
         331                  998                  301                 5101   2796.9240722656250        811.84936523437500       0.29026507129195800     
         332                 1009                  284                 5107   2796.9240722656250        812.80426025390625       0.29060648028085401     
         333                 1024                  297                 5079   2796.9240722656250        808.34796142578125       0.28901319468818676     
         334                 1012                  306                 5082   2796.9240722656250        808.82537841796875       0.28918388827151342     
         335                 1009                  302                 5089   2796.9240722656250        809.93945312500000       0.28958220966968018     
         336                 1008                  298                 5094   2796.9240722656250        810.73522949218750       0.28986672807154834     
         337                 1026                  313                 5061   2796.9240722656250        805.48315429687500       0.28798892407701293     
         338                 1011                  319                 5070   2796.9240722656250        806.91552734375000       0.28850104847147851     
         339                 1024                  286                 5090   2796.9240722656250        810.09863281250000       0.28963912207895093     
         340                 1022                  314                 5064   2796.9240722656250        805.96063232421875       0.28815963948258239     
         341                  974                  268                 5158   2796.9240722656250        820.92120361328125       0.29350857670880603     
         342                 1019                  278                 5103   2796.9240722656250        812.16766357421875       0.29037887428825659     
         343                  955                  256                 5189   2796.9240722656250        825.85498046875000       0.29527257770704263     
         344                  931                  271                 5198   2796.9240722656250        827.28735351562500       0.29578470210150820     
         345                  989                  322                 5089   2796.9240722656250        809.93945312500000       0.28958220966968018     
         346                  986                  283                 5131   2796.9240722656250        816.62396240234375       0.29197215988092384     
         347                 1003                  271                 5126   2796.9240722656250        815.82818603515625       0.29168764147905579     
         348                  981                  275                 5144   2796.9240722656250        818.69299316406250       0.29271191209022951     
         349                  966                  278                 5156   2796.9240722656250        820.60284423828125       0.29339475189026454     
         350                  987                  289                 5124   2796.9240722656250        815.50988769531250       0.29157383848275709     
         351                  968                  266                 5166   2796.9240722656250        822.19439697265625       0.29396378869400075     
         352                 1004                  244                 5152   2796.9240722656250        819.96624755859375       0.29316714589766713     
         353                  971                  282                 5147   2796.9240722656250        819.17047119140625       0.29288262749579896     
         354                  975                  252                 5173   2796.9240722656250        823.30847167968750       0.29436211009216751     
         355                  957                  281                 5162   2796.9240722656250        821.55780029296875       0.29373618270140334     
         356                  987                  287                 5126   2796.9240722656250        815.82818603515625       0.29168764147905579     
         357                  984                  255                 5161   2796.9240722656250        821.39862060546875       0.29367927029213259     
         358                  978                  258                 5164   2796.9240722656250        821.87609863281250       0.29384998569770204     
         359                  981                  290                 5129   2796.9240722656250        816.30566406250000       0.29185835688462514     
         360                  953                  285                 5162   2796.9240722656250        821.55780029296875       0.29373618270140334     
         361                  980                  264                 5156   2796.9240722656250        820.60284423828125       0.29339475189026454     
         362                  970                  271                 5159   2796.9240722656250        821.08032226562500       0.29356546729583388     
         363                  955                  261                 5184   2796.9240722656250        825.05920410156250       0.29498805930517458     
         364                  945                  266                 5189   2796.9240722656250        825.85498046875000       0.29527257770704263     
         365                  981                  270                 5149   2796.9240722656250        819.48876953125000       0.29299643049209767     
         366                  979                  269                 5152   2796.9240722656250        819.96624755859375       0.29316714589766713     
         367                  959                  268                 5173   2796.9240722656250        823.30847167968750       0.29436211009216751     
         368                  939                  266                 5195   2796.9240722656250        826.80993652343750       0.29561400851818154     
         369                  932                  280                 5188   2796.9240722656250        825.69580078125000       0.29521566529777188     
         370                  936                  254                 5210   2796.9240722656250        829.19720458984375       0.29646754190154312     
         371                  980                  263                 5157   2796.9240722656250        820.76202392578125       0.29345166429953529     
         372                  969                  249                 5182   2796.9240722656250        824.74090576171875       0.29487425630887587     
         373                  986                  268                 5146   2796.9240722656250        819.01129150390625       0.29282571508652822     
         374                 1009                  290                 5101   2796.9240722656250        811.84936523437500       0.29026507129195800     
         375                  980                  272                 5148   2796.9240722656250        819.32965087890625       0.29293953990506971     
         376                  970                  253                 5177   2796.9240722656250        823.94512939453125       0.29458973790700771     
         377                 1008                  261                 5131   2796.9240722656250        816.62396240234375       0.29197215988092384     
         378                  986                  271                 5143   2796.9240722656250        818.53387451171875       0.29265502150320166     
         379                  976                  278                 5146   2796.9240722656250        819.01129150390625       0.29282571508652822     
         380                  995                  285                 5120   2796.9240722656250        814.87329101562500       0.29134623249015967     
         381                  954                  289                 5157   2796.9240722656250        820.76202392578125       0.29345166429953529     
         382                  915                  304                 5181   2796.9240722656250        824.58172607421875       0.29481734389960512     
         383                  924                  279                 5197   2796.9240722656250        827.12823486328125       0.29572781151448024     
         384                  985                  265                 5150   2796.9240722656250        819.64794921875000       0.29305334290136842     
         385                  970                  250                 5180   2796.9240722656250        824.42260742187500       0.29476045331257716     
         386                  992                  247                 5161   2796.9240722656250        821.39862060546875       0.29367927029213259     
         387                 1018                  295                 5087   2796.9240722656250        809.62115478515625       0.28946840667338147     
         388                 1033                  295                 5072   2796.9240722656250        807.23382568359375       0.28861485146777710     
         389                 1001                  283                 5116   2796.9240722656250        814.23669433593750       0.29111862649756237     
         390                  982                  306                 5112   2796.9240722656250        813.60003662109375       0.29089099868272217     
         391                  975                  274                 5151   2796.9240722656250        819.80706787109375       0.29311023348839638     
         392                 1024                  269                 5107   2796.9240722656250        812.80426025390625       0.29060648028085401     
         393                  938                  308                 5154   2796.9240722656250        820.28454589843750       0.29328094889396583     
         394                  908                  259                 5233   2796.9240722656250        832.85778808593750       0.29777633091458500     
         395                  978                  311                 5111   2796.9240722656250        813.44091796875000       0.29083410809569421     
         396                  965                  284                 5151   2796.9240722656250        819.80706787109375       0.29311023348839638     
         397                  956                  297                 5147   2796.9240722656250        819.17047119140625       0.29288262749579896     
         398                  977                  292                 5131   2796.9240722656250        816.62396240234375       0.29197215988092384     
         399                  968                  315                 5117   2796.9240722656250        814.39581298828125       0.29117551708459022     
         400                  934                  277                 5189   2796.9240722656250        825.85498046875000       0.29527257770704263     
         401                  946                  284                 5170   2796.9240722656250        822.83105468750000       0.29419141650884095     
         402                  970                  276                 5154   2796.9240722656250        820.28454589843750       0.29328094889396583     
         403                  963                  288                 5149   2796.9240722656250        819.48876953125000       0.29299643049209767     
         404                  957                  260                 5183   2796.9240722656250        824.90002441406250       0.29493114689590383     
         405                  959                  285                 5156   2796.9240722656250        820.60284423828125       0.29339475189026454     
         406                  979                  241                 5180   2796.9240722656250        824.42260742187500       0.29476045331257716     
         407                  952                  266                 5182   2796.9240722656250        824.74090576171875       0.29487425630887587     
         408                  990                  281                 5129   2796.9240722656250        816.30566406250000       0.29185835688462514     
         409                  967                  273                 5160   2796.9240722656250        821.23950195312500       0.29362237970510463     
         410                 1004                  288                 5108   2796.9240722656250        812.96343994140625       0.29066339269012476     
         411                 1004                  284                 5112   2796.9240722656250        813.60003662109375       0.29089099868272217     
         412                  943                  254                 5203   2796.9240722656250        828.08312988281250       0.29606922050337625     
         413                 1021                  279                 5100   2796.9240722656250        811.69018554687500       0.29020815888268725     
         414                 1003                  244                 5153   2796.9240722656250        820.12542724609375       0.29322405830693787     
         415                  979                  259                 5162   2796.9240722656250        821.55780029296875       0.29373618270140334     
         416                  999                  288                 5113   2796.9240722656250        813.75921630859375       0.29094791109199292     
         417                  967                  267                 5166   2796.9240722656250        822.19439697265625       0.29396378869400075     
         418                  942                  286                 5172   2796.9240722656250        823.14935302734375       0.29430521950513966     
         419                  961                  246                 5193   2796.9240722656250        826.49157714843750       0.29550018369964004     
         420                  967                  260                 5173   2796.9240722656250        823.30847167968750       0.29436211009216751     
         421                  940                  272                 5188   2796.9240722656250        825.69580078125000       0.29521566529777188     
         422                  964                  275                 5161   2796.9240722656250        821.39862060546875       0.29367927029213259     
         423                  975                  263                 5162   2796.9240722656250        821.55780029296875       0.29373618270140334     
         424                  917                  268                 5215   2796.9240722656250        829.99298095703125       0.29675206030341128     
         425                  955                  251                 5194   2796.9240722656250        826.65075683593750       0.29555709610891079     
         426                  977                  267                 5156   2796.9240722656250        820.60284423828125       0.29339475189026454     
         427                 1015                  265                 5120   2796.9240722656250        814.87329101562500       0.29134623249015967     
         428                  951                  270                 5179   2796.9240722656250        824.26342773437500       0.29470354090330642     
         429                  976                  273                 5151   2796.9240722656250        819.80706787109375       0.29311023348839638     
         430                  959                  279                 5162   2796.9240722656250        821.55780029296875       0.29373618270140334     
         431                  960                  272                 5168   2796.9240722656250        822.51269531250000       0.29407759169029946     
         432                  998                  290                 5112   2796.9240722656250        813.60003662109375       0.29089099868272217     
         433                  949                  279                 5172   2796.9240722656250        823.14935302734375       0.29430521950513966     
         434                  978                  278                 5144   2796.9240722656250        818.69299316406250       0.29271191209022951     
         435                  982                  269                 5149   2796.9240722656250        819.48876953125000       0.29299643049209767     
         436                 1057                  295                 5048   2796.9240722656250        803.41412353515625       0.28724917186770726     
         437                 1022                  306                 5072   2796.9240722656250        807.23382568359375       0.28861485146777710     
         438                 1000                  332                 5068   2796.9240722656250        806.59722900390625       0.28838724547517980     
         439                 1053                  320                 5027   2796.9240722656250        800.07189941406250       0.28605420767320688     
         440                 1041                  306                 5053   2796.9240722656250        804.20989990234375       0.28753369026957543     
         441                 1031                  312                 5057   2796.9240722656250        804.84649658203125       0.28776129626217273     
         442                  996                  282                 5122   2796.9240722656250        815.19158935546875       0.29146003548645838     
         443                  985                  289                 5126   2796.9240722656250        815.82818603515625       0.29168764147905579     
         444                 1010                  275                 5115   2796.9240722656250        814.07751464843750       0.29106171408829162     
         445                  973                  288                 5139   2796.9240722656250        817.89721679687500       0.29242739368836146     
         446                 1016                  274                 5110   2796.9240722656250        813.28173828125000       0.29077719568642346     
         447                 1002                  279                 5119   2796.9240722656250        814.71411132812500       0.29128932008088892     
         448                 1004                  298                 5098   2796.9240722656250        811.37188720703125       0.29009435588638854     
         449                  979                  297                 5124   2796.9240722656250        815.50988769531250       0.29157383848275709     
         450                  995                  277                 5128   2796.9240722656250        816.14654541015625       0.29180146629759729     
         451                  987                  289                 5124   2796.9240722656250        815.50988769531250       0.29157383848275709     
         452                  993                  289                 5118   2796.9240722656250        814.55499267578125       0.29123242949386097     
         453                 1031                  316                 5053   2796.9240722656250        804.20989990234375       0.28753369026957543     
         454                 1043                  319                 5038   2796.9240722656250        801.82257080078125       0.28668013506397105     
         455                 1018                  304                 5078   2796.9240722656250        808.18878173828125       0.28895628227891601     
         456                  987                  285                 5128   2796.9240722656250        816.14654541015625       0.29180146629759729     
         457                 1020                  288                 5092   2796.9240722656250        810.41693115234375       0.28975292507524963     
         458                  958                  269                 5173   2796.9240722656250        823.30847167968750       0.29436211009216751     
         459                 1008                  303                 5089   2796.9240722656250        809.93945312500000       0.28958220966968018     
         460                  992                  283                 5125   2796.9240722656250        815.66906738281250       0.29163075089202783     
         461                 1022                  309                 5069   2796.9240722656250        806.75640869140625       0.28844415788445055     
         462                  992                  260                 5148   2796.9240722656250        819.32965087890625       0.29293953990506971     
         463                  988                  307                 5105   2796.9240722656250        812.48596191406250       0.29049267728455530     
         464                 1015                  305                 5080   2796.9240722656250        808.50708007812500       0.28907008527521472     
         465                 1012                  280                 5108   2796.9240722656250        812.96343994140625       0.29066339269012476     
         466                  980                  280                 5140   2796.9240722656250        818.05639648437500       0.29248430609763221     
         467                 1030                  290                 5080   2796.9240722656250        808.50708007812500       0.28907008527521472     
         468                  984                  317                 5099   2796.9240722656250        811.53100585937500       0.29015124647341650     
         469                  986                  307                 5107   2796.9240722656250        812.80426025390625       0.29060648028085401     
         470                 1027                  296                 5077   2796.9240722656250        808.02960205078125       0.28889936986964526     
         471                  993                  298                 5109   2796.9240722656250        813.12255859375000       0.29072028327715271     
         472                  999                  292                 5109   2796.9240722656250        813.12255859375000       0.29072028327715271     
         473                  967                  297                 5136   2796.9240722656250        817.41973876953125       0.29225667828279200     
         474                  959                  280                 5161   2796.9240722656250        821.39862060546875       0.29367927029213259     
         475                  986                  279                 5135   2796.9240722656250        817.26062011718750       0.29219978769576405     
         476                 1003                  311                 5086   2796.9240722656250        809.46203613281250       0.28941151608635363     
         477                  951                  284                 5165   2796.9240722656250        822.03527832031250       0.29390689810697279     
         478                  975                  284                 5141   2796.9240722656250        818.21551513671875       0.29254119668466017     
         479                  978                  252                 5170   2796.9240722656250        822.83105468750000       0.29419141650884095     
         480                  936                  270                 5194   2796.9240722656250        826.65075683593750       0.29555709610891079     
         481                 1024                  280                 5096   2796.9240722656250        811.05358886718750       0.28998055289008984     
         482                  976                  259                 5165   2796.9240722656250        822.03527832031250       0.29390689810697279     
         483                  980                  225                 5195   2796.9240722656250        826.80993652343750       0.29561400851818154     
         484                  979                  268                 5153   2796.9240722656250        820.12542724609375       0.29322405830693787     
         485                  995                  304                 5101   2796.9240722656250        811.84936523437500       0.29026507129195800     
         486                  971                  291                 5138   2796.9240722656250        817.73809814453125       0.29237050310133350     
         487                  999                  295                 5106   2796.9240722656250        812.64514160156250       0.29054958969382605     
         488                  992                  272                 5136   2796.9240722656250        817.41973876953125       0.29225667828279200     
         489                 1014                  317                 5069   2796.9240722656250        806.75640869140625       0.28844415788445055     
         490                  992                  291                 5117   2796.9240722656250        814.39581298828125       0.29117551708459022     
         491                 1002                  270                 5128   2796.9240722656250        816.14654541015625       0.29180146629759729     
         492                 1027                  272                 5101   2796.9240722656250        811.84936523437500       0.29026507129195800     
         493                 1047                  322                 5031   2796.9240722656250        800.70849609375000       0.28628181366580419     
         494                  978                  302                 5120   2796.9240722656250        814.87329101562500       0.29134623249015967     
         495                  973                  295                 5132   2796.9240722656250        816.78314208984375       0.29202907229019459     
         496                  983                  305                 5112   2796.9240722656250        813.60003662109375       0.29089099868272217     
         497                  955                  278                 5167   2796.9240722656250        822.35357666015625       0.29402070110327150     
         498                 1003                  303                 5094   2796.9240722656250        810.73522949218750       0.28986672807154834     
         499                  988                  299                 5113   2796.9240722656250        813.75921630859375       0.29094791109199292     
         500                 1010                  284                 5106   2796.9240722656250        812.64514160156250       0.29054958969382605     
