 Temperature AverMagnetization AverMagnetization^2 Suceptibility Cumulant
   5.00000000       8.0164399900175621E-004   7.2107791554698588E-003   1.4420273259616260E-003   6.3961810028971833E-003
   4.94999981       7.8239599855579444E-004   7.3179529843495541E-003   1.4782507553203219E-003   4.7173562760922660E-003
   4.90000010       2.0675630037669092E-003   7.4746790410295909E-003   1.5245722315977614E-003  -4.5151860148195944E-003
   4.84999990       5.5885000055842102E-005   7.5280587330281562E-003   1.5521763947514784E-003   4.5648189170889752E-002
   4.80000019       6.0199900148697198E-004   7.8008310706597483E-003   1.6250976003925608E-003  -1.9806035038599346E-002
   4.75000000       4.5360899350252004E-004   7.5541434617773856E-003   1.5903026856714992E-003   1.2081792563231275E-002
   4.69999981       4.1500030034001918E-003   7.6005580113387835E-003   1.6134756690662252E-003   2.4711227838456473E-002
   4.65000010       9.2077100259736180E-004   8.1519807103392662E-003   1.7529317118090899E-003  -5.4235124739099305E-004
   4.59999990       1.1969519976923241E-003   8.1746853535149492E-003   1.7767941199409701E-003  -1.9776140012057963E-002
   4.55000019       2.0770160071093588E-003   8.4644602840677433E-003   1.8593726998483385E-003  -6.0720509486436036E-003
   4.50000000       1.1537750051161275E-003   8.3020685605163774E-003   1.8446083167998352E-003   1.6450755761022839E-002
   4.44999981       3.4470029986159874E-003   8.5304125992102346E-003   1.9142766287691161E-003   2.2526825782377080E-002
   4.40000010       1.8569589947024360E-003   8.7497057374317771E-003   1.9877857108939159E-003   1.7146874866643791E-002
   4.34999990       2.7000650054577737E-003   9.4930311543179827E-003   2.1806300615970454E-003  -2.5682284580417214E-003
   4.30000019       1.6663089993163942E-003   9.2342398099907064E-003   2.1468518358527099E-003   7.3255424581745165E-003
   4.25000000       2.9952760011125357E-003   9.4953400285108618E-003   2.2320866789476462E-003  -1.4703769918949616E-002
   4.19999981       3.7444819949937983E-003   9.6952544182031392E-003   2.3050556922722437E-003   1.3586285907370210E-002
   4.15000010       5.0950099370367823E-004   1.0092577953806140E-002   2.4318838521868429E-003   1.3432403353751621E-002
   4.09999990       4.0663199980625880E-003   1.0018043398722939E-002   2.4393923606953263E-003   2.9255008762767543E-002
   4.05000019       2.6049509994672611E-003   1.0155587274600720E-002   2.5058767822292356E-003   6.9163723546757594E-002
   4.00000000       1.9843860013345257E-003   1.0395456507496988E-002   2.5978796799236738E-003   2.3016013749067921E-002
   3.94999981       3.2114869937840849E-003   1.0797037878496812E-002   2.7308162891898405E-003   2.4522549981758401E-002
   3.90000010       2.7660000561177731E-005   1.1674382600448466E-002   2.9934310614167826E-003   4.8063912621929106E-002
   3.84999990       2.8448049974588679E-003   1.1756971134784442E-002   3.0516567212663923E-003   2.2887834426881248E-002
   3.79999995       1.0633399699851871E-004   1.2382399562043940E-002   3.2585233415667720E-003   8.0547997408387806E-003
   3.75000000       1.0094319967703894E-003   1.2588709517540583E-002   3.3567176589556539E-003   5.1689262403875502E-002
   3.69999981       1.4922040102669971E-003   1.2507849367407974E-002   3.3798982471708746E-003   3.2373551538305678E-002
   3.65000010       6.8908619922174140E-003   1.2390015246732181E-002   3.3815153906239371E-003   4.0630897047447823E-002
   3.59999990       1.3995209939993919E-003   1.3708300246336102E-002   3.8073172891368765E-003  -6.1150823024656020E-003
   3.54999995       4.4589700088240206E-004   1.3653196347196122E-002   3.8459149270381452E-003   2.5060390545176503E-002
   3.50000000       3.6960219971096143E-003   1.5306359482887638E-002   4.3693427394061240E-003   3.9031330758814597E-002
   3.44999981       4.2774979978166521E-003   1.6329587905489027E-002   4.7279107416627322E-003   3.0007028336825003E-002
   3.40000010       2.7911000846400858E-004   1.6566054287971459E-002   4.8723457053427930E-003  -5.2035638676608542E-003
   3.34999990       6.7416409891279411E-003   1.6923268563287408E-002   5.0381552004499230E-003   1.9987519922047392E-002
   3.29999995       1.0980320002065972E-003   1.9157491739042524E-002   5.8049353441426846E-003   3.2769348619123062E-002
   3.25000000       2.7413359860124068E-003   2.0407591661970995E-002   6.2769469227522672E-003   2.2879067881667825E-002
   3.19999981       3.0262700008936225E-004   2.2212994148458991E-002   6.9415327136703991E-003   6.3491121851883214E-002
   3.15000010       3.0544159884333612E-003   2.1515121484841984E-002   6.8272351574496801E-003   5.5634298686276784E-002
   3.09999990       2.1216550086149946E-003   2.4922959911723976E-002   8.0382129197635651E-003   5.1159322183984446E-002
   3.04999995       5.7105219809547069E-003   2.7594917661607911E-002   9.0368220697756296E-003   4.5880482612893680E-002
   3.00000000       6.8575930065872146E-003   3.0090202870251270E-002   1.0014392394587901E-002   2.5322191993507603E-002
   2.95000005       7.9113400181122129E-004   3.3811787591939611E-002   1.1461411018661593E-002   4.6871805726818927E-002
   2.89999986       5.6118429954078045E-003   3.3628609182335005E-002   1.1585212759066604E-002   8.5364575517647201E-002
   2.84999990       5.1956979925138879E-003   4.3312007814651887E-002   1.5187723810358227E-002  0.14663315739844129     
   2.79999995       4.2288560045016929E-003   4.6708103593989199E-002   1.6675079101451426E-002   7.1202768541037353E-002
   2.75000000       2.2146179904466495E-003   4.9284208170413943E-002   1.7919747311348374E-002  0.10676212426913967     
   2.70000005       9.3195570032460606E-003   6.1462836831766315E-002   2.2731844695173354E-002  0.11554710274499047     
   2.64999986       4.1785939876031134E-003   7.2827655234785266E-002   2.7475545536614524E-002  0.14518179485610649     
   2.59999990       2.8688419987501577E-003   8.1485126395514085E-002   3.1337268306931051E-002  0.19043016225577380     
   2.54999995       1.6460890270249919E-003  0.11066439605535688        4.3396740494179756E-002  0.27849321960260998     
   2.50000000       1.1782498988264240E-002  0.14524344788897575        5.8041849107517862E-002  0.32417062426238308     
   2.45000005       1.7678028944261185E-002  0.18635922410350597        7.5937430280873686E-002  0.38799525983108907     
   2.39999986       3.5360200034654697E-002  0.23594038600239223        9.7787522269497801E-002  0.41849365485783796     
   2.34999990       8.9585562018591178E-002  0.34494695522508795       0.14337080397090590       0.53034901791240818     
   2.29999995      0.18253300182478502       0.46068797184530341       0.18581290885829002       0.59940458083490067     
   2.25000000      0.35185756289274323       0.54269283132684532       0.18617292883688510       0.61800005759056109     
   2.20000005      0.53248100705573109       0.61659385555103319       0.15138991852948697       0.63379200443932970     
   2.14999986       1.4322680937078223E-002  0.69868734347991301       0.32487547387046617       0.65099439474076992     
   2.09999990      0.86948059870508310       0.76097910336693797        2.3726629376535379E-003  0.65934823332450843     
   2.04999995      0.89485012978345757       0.80369006479294014        1.4308829704413866E-003  0.66248485747034402     
   2.00000000      0.91302240829433789       0.83559350866655835        9.9179530948284578E-004  0.66387368042433403     
   1.95000005      0.92631122398008114       0.85936161997214100        6.7135190904327039E-004  0.66475123834665029     
   1.89999986      0.93818788580224510       0.88117163614797067        5.1322479829339380E-004  0.66525849314862873     
   1.84999990      0.94836752800644641       0.90003284540874706        3.4155528276660267E-004  0.66575743314087854     
   1.79999995      0.95649987449072593       0.91539841419883650        2.8133573456070779E-004  0.66594788763587798     
   1.75000000      0.96354134994027607       0.92881041407936604        2.2770345854283247E-004  0.66610843841543788     
   1.70000005      0.96968245879576209       0.94058683780142494        1.7809816893165243E-004  0.66624599840991139     
   1.64999986      0.97549443640427591       0.95180648284807656        1.3156813345480882E-004  0.66636816349494976     
   1.59999990      0.97996221197779176       0.96048938658674199        1.0215606120205001E-004  0.66644283726513365     
   1.54999995      0.98315613537518975       0.96672983488308606        8.6353784248082129E-005  0.66648440044711865     
   1.50000000      0.98659986991295812       0.97348202101329062        6.8478469390662817E-005  0.66652775362625616     
   1.45000005      0.98898738095948691       0.97817932204780167        5.7436099991597945E-005  0.66655464773010875     
   1.39999986      0.99127987055621158       0.98269816519491182        4.4559594046599046E-005  0.66658294402866936     
   1.34999990      0.99324686914640670       0.98658400829975768        3.3085357591353873E-005  0.66660687802772101     
   1.29999995      0.99474727393497231       0.98955500338605662        2.5280296604225943E-005  0.66662273235124481     
   1.25000000      0.99597478279943463       0.99199116214845373        2.0315341160901268E-005  0.66663281978536337     
   1.20000005      0.99706036479197735       0.99414654815618397        1.4314263886265350E-005  0.66664379180590316     
   1.14999986      0.99786679803097245       0.99575025598088163        1.0529886573220656E-005  0.66665055982564436     
   1.09999990      0.99844740748040672       0.99690601798983425        7.9931693885666374E-006  0.66665498312479654     
   1.04999995      0.99890884104061128       0.99782496298760381        5.8002656246957918E-006  0.66665857989758925     
   1.00000000      0.99932697064185139       0.99865802319610486        3.6289438851699884E-006  0.66666184918686555     
  0.949999809      0.99954544543349733       0.99909357052698744        2.6032005341123593E-006  0.66666338600587594     
