 Tiempo InterPos2 InterNeg2 InterPN2
           1                 9628                20224                35683   7160.1254882812500        5679.1254882812500       0.79316004971925347     
           2                 9625                20224                35686   7160.1254882812500        5679.6030273437500       0.79322674395014103     
           3                 9619                20262                35654   7160.1254882812500        5674.5102539062500       0.79251547520969301     
           4                 9614                20224                35697   7160.1254882812500        5681.3540039062500       0.79347128946339585     
           5                 9622                20221                35692   7160.1254882812500        5680.5581054687500       0.79336013241191639     
           6                 9592                20201                35741   7160.1254882812500        5688.3564453125000       0.79444926693288442     
           7                 9599                20249                35686   7160.1254882812500        5679.6030273437500       0.79322674395014103     
           8                 9622                20228                35685   7160.1254882812500        5679.4438476562500       0.79320451253984525     
           9                 9610                20210                35715   7160.1254882812500        5684.2187500000000       0.79387138665421164     
          10                 9617                20245                35673   7160.1254882812500        5677.5341796875000       0.79293780381080470     
          11                 9619                20201                35714   7160.1254882812500        5684.0595703125000       0.79384915524391575     
          12                 9619                20220                35696   7160.1254882812500        5681.1948242187500       0.79344905805309995     
          13                 9610                20237                35687   7160.1254882812500        5679.7622070312500       0.79324897536043704     
          14                 9616                20240                35679   7160.1254882812500        5678.4892578125000       0.79307119227257994     
          15                 9598                20225                35712   7160.1254882812500        5683.7412109375000       0.79380469242332397     
          16                 9612                20250                35672   7160.1254882812500        5677.3750000000000       0.79291557240050881     
          17                 9614                20227                35693   7160.1254882812500        5680.7172851562500       0.79338236382221228     
          18                 9610                20243                35682   7160.1254882812500        5678.9663085937500       0.79313781830895758     
          19                 9621                20228                35686   7160.1254882812500        5679.6030273437500       0.79322674395014103     
          20                 9619                20237                35679   7160.1254882812500        5678.4892578125000       0.79307119227257994     
          21                 9618                20230                35687   7160.1254882812500        5679.7622070312500       0.79324897536043704     
          22                 9622                20225                35687   7160.1254882812500        5679.7622070312500       0.79324897536043704     
          23                 9621                20224                35689   7160.1254882812500        5680.0805664062500       0.79329343818102871     
          24                 9619                20228                35688   7160.1254882812500        5679.9213867187500       0.79327120677073282     
          25                 9599                20221                35714   7160.1254882812500        5684.0595703125000       0.79384915524391575     
          26                 9613                20223                35698   7160.1254882812500        5681.5131835937500       0.79349352087369174     
          27                 9615                20226                35694   7160.1254882812500        5680.8764648437500       0.79340459523250817     
          28                 9612                20257                35665   7160.1254882812500        5676.2607421875000       0.79275995252843767     
          29                 9617                20222                35695   7160.1254882812500        5681.0356445312500       0.79342682664280406     
          30                 9601                20216                35718   7160.1254882812500        5684.6962890625000       0.79393808088509932     
          31                 9612                20216                35706   7160.1254882812500        5682.7861328125000       0.79367130396154861     
          32                 9620                20241                35674   7160.1254882812500        5677.6933593750000       0.79296003522110059     
          33                 9620                20247                35668   7160.1254882812500        5676.7382812500000       0.79282664675932524     
          34                 9616                20249                35670   7160.1254882812500        5677.0566406250000       0.79287110957991702     
          35                 9618                20221                35695   7160.1254882812500        5681.0356445312500       0.79342682664280406     
          36                 9616                20249                35669   7160.1254882812500        5676.8974609375000       0.79284887816962113     
          37                 9618                20230                35686   7160.1254882812500        5679.6030273437500       0.79322674395014103     
          38                 9636                20215                35683   7160.1254882812500        5679.1254882812500       0.79316004971925347     
          39                 9623                20241                35671   7160.1254882812500        5677.2158203125000       0.79289334099021291     
          40                 9624                20227                35684   7160.1254882812500        5679.2846679687500       0.79318228112954925     
          41                 9622                20226                35686   7160.1254882812500        5679.6030273437500       0.79322674395014103     
          42                 9611                20230                35694   7160.1254882812500        5680.8764648437500       0.79340459523250817     
          43                 9616                20219                35700   7160.1254882812500        5681.8315429687500       0.79353798369428352     
          44                 9622                20211                35702   7160.1254882812500        5682.1494140625000       0.79358237832036516     
          45                 9630                20258                35647   7160.1254882812500        5673.3959960937500       0.79235985533762188     
          46                 9618                20225                35692   7160.1254882812500        5680.5581054687500       0.79336013241191639     
          47                 9628                20219                35688   7160.1254882812500        5679.9213867187500       0.79327120677073282     
          48                 9619                20205                35711   7160.1254882812500        5683.5820312500000       0.79378246101302807     
          49                 9623                20248                35664   7160.1254882812500        5676.1015625000000       0.79273772111814167     
          50                 9620                20260                35655   7160.1254882812500        5674.6694335937500       0.79253770661998890     
          51                 9605                20235                35695   7160.1254882812500        5681.0356445312500       0.79342682664280406     
          52                 9628                20242                35665   7160.1254882812500        5676.2607421875000       0.79275995252843767     
          53                 9609                20239                35687   7160.1254882812500        5679.7622070312500       0.79324897536043704     
          54                 9613                20217                35705   7160.1254882812500        5682.6269531250000       0.79364907255125283     
          55                 9620                20234                35681   7160.1254882812500        5678.8071289062500       0.79311558689866168     
          56                 9622                20212                35701   7160.1254882812500        5681.9902343750000       0.79356014691006926     
          57                 9609                20237                35688   7160.1254882812500        5679.9213867187500       0.79327120677073282     
          58                 9633                20203                35699   7160.1254882812500        5681.6723632812500       0.79351575228398752     
          59                 9617                20194                35724   7160.1254882812500        5685.6508789062500       0.79407140115236441     
          60                 9596                20233                35705   7160.1254882812500        5682.6269531250000       0.79364907255125283     
          61                 9607                20204                35723   7160.1254882812500        5685.4916992187500       0.79404916974206863     
          62                 9618                20235                35682   7160.1254882812500        5678.9663085937500       0.79313781830895758     
          63                 9623                20240                35671   7160.1254882812500        5677.2158203125000       0.79289334099021291     
          64                 9620                20216                35699   7160.1254882812500        5681.6723632812500       0.79351575228398752     
          65                 9620                20233                35681   7160.1254882812500        5678.8071289062500       0.79311558689866168     
          66                 9608                20229                35697   7160.1254882812500        5681.3540039062500       0.79347128946339585     
          67                 9641                20191                35702   7160.1254882812500        5682.1494140625000       0.79358237832036516     
          68                 9629                20222                35683   7160.1254882812500        5679.1254882812500       0.79316004971925347     
          69                 9606                20191                35737   7160.1254882812500        5687.7202148437500       0.79436040948621101     
          70                 9609                20240                35685   7160.1254882812500        5679.4438476562500       0.79320451253984525     
          71                 9618                20218                35699   7160.1254882812500        5681.6723632812500       0.79351575228398752     
          72                 9622                20225                35687   7160.1254882812500        5679.7622070312500       0.79324897536043704     
          73                 9607                20222                35705   7160.1254882812500        5682.6269531250000       0.79364907255125283     
          74                 9601                20220                35714   7160.1254882812500        5684.0595703125000       0.79384915524391575     
          75                 9621                20221                35693   7160.1254882812500        5680.7172851562500       0.79338236382221228     
          76                 9614                20221                35700   7160.1254882812500        5681.8315429687500       0.79353798369428352     
          77                 9601                20228                35705   7160.1254882812500        5682.6269531250000       0.79364907255125283     
          78                 9623                20227                35684   7160.1254882812500        5679.2846679687500       0.79318228112954925     
          79                 9609                20243                35683   7160.1254882812500        5679.1254882812500       0.79316004971925347     
          80                 9605                20196                35734   7160.1254882812500        5687.2426757812500       0.79429371525532333     
          81                 9612                20210                35712   7160.1254882812500        5683.7412109375000       0.79380469242332397     
          82                 9626                20228                35681   7160.1254882812500        5678.8071289062500       0.79311558689866168     
          83                 9616                20209                35710   7160.1254882812500        5683.4228515625000       0.79376022960273218     
          84                 9615                20257                35662   7160.1254882812500        5675.7832031250000       0.79269325829755000     
          85                 9614                20220                35701   7160.1254882812500        5681.9902343750000       0.79356014691006926     
          86                 9622                20206                35707   7160.1254882812500        5682.9453125000000       0.79369353537184451     
          87                 9613                20196                35725   7160.1254882812500        5685.8100585937500       0.79409363256266041     
          88                 9607                20228                35699   7160.1254882812500        5681.6723632812500       0.79351575228398752     
          89                 9619                20224                35691   7160.1254882812500        5680.3989257812500       0.79333790100162049     
          90                 9607                20240                35688   7160.1254882812500        5679.9213867187500       0.79327120677073282     
          91                 9621                20197                35716   7160.1254882812500        5684.3779296875000       0.79389361806450753     
          92                 9613                20237                35684   7160.1254882812500        5679.2846679687500       0.79318228112954925     
          93                 9610                20229                35696   7160.1254882812500        5681.1948242187500       0.79344905805309995     
          94                 9607                20216                35712   7160.1254882812500        5683.7412109375000       0.79380469242332397     
          95                 9616                20187                35731   7160.1254882812500        5686.7651367187500       0.79422702102443565     
          96                 9625                20214                35696   7160.1254882812500        5681.1948242187500       0.79344905805309995     
          97                 9618                20235                35682   7160.1254882812500        5678.9663085937500       0.79313781830895758     
          98                 9603                20227                35705   7160.1254882812500        5682.6269531250000       0.79364907255125283     
          99                 9621                20213                35701   7160.1254882812500        5681.9902343750000       0.79356014691006926     
         100                 9614                20224                35697   7160.1254882812500        5681.3540039062500       0.79347128946339585     
         101                 9616                20229                35690   7160.1254882812500        5680.2397460937500       0.79331566959132460     
         102                 9612                20225                35698   7160.1254882812500        5681.5131835937500       0.79349352087369174     
         103                 9620                20210                35705   7160.1254882812500        5682.6269531250000       0.79364907255125283     
         104                 9598                20238                35698   7160.1254882812500        5681.5131835937500       0.79349352087369174     
         105                 9604                20239                35692   7160.1254882812500        5680.5581054687500       0.79336013241191639     
         106                 9608                20253                35674   7160.1254882812500        5677.6933593750000       0.79296003522110059     
         107                 9602                20260                35673   7160.1254882812500        5677.5341796875000       0.79293780381080470     
         108                 9623                20218                35693   7160.1254882812500        5680.7172851562500       0.79338236382221228     
         109                 9607                20245                35683   7160.1254882812500        5679.1254882812500       0.79316004971925347     
         110                 9613                20239                35683   7160.1254882812500        5679.1254882812500       0.79316004971925347     
         111                 9616                20253                35666   7160.1254882812500        5676.4199218750000       0.79278218393873345     
         112                 9611                20270                35654   7160.1254882812500        5674.5102539062500       0.79251547520969301     
         113                 9614                20217                35703   7160.1254882812500        5682.3085937500000       0.79360460973066105     
         114                 9628                20214                35692   7160.1254882812500        5680.5581054687500       0.79336013241191639     
         115                 9601                20232                35701   7160.1254882812500        5681.9902343750000       0.79356014691006926     
         116                 9617                20249                35669   7160.1254882812500        5676.8974609375000       0.79284887816962113     
         117                 9605                20208                35721   7160.1254882812500        5685.1733398437500       0.79400470692147684     
         118                 9608                20227                35700   7160.1254882812500        5681.8315429687500       0.79353798369428352     
         119                 9606                20190                35738   7160.1254882812500        5687.8793945312500       0.79438264089650690     
         120                 9614                20218                35703   7160.1254882812500        5682.3085937500000       0.79360460973066105     
         121                 9631                20227                35677   7160.1254882812500        5678.1708984375000       0.79302672945198827     
         122                 9620                20248                35667   7160.1254882812500        5676.5791015625000       0.79280441534902946     
         123                 9613                20232                35689   7160.1254882812500        5680.0805664062500       0.79329343818102871     
         124                 9614                20251                35670   7160.1254882812500        5677.0566406250000       0.79287110957991702     
         125                 9624                20245                35666   7160.1254882812500        5676.4199218750000       0.79278218393873345     
         126                 9604                20237                35693   7160.1254882812500        5680.7172851562500       0.79338236382221228     
         127                 9609                20219                35707   7160.1254882812500        5682.9453125000000       0.79369353537184451     
         128                 9611                20225                35699   7160.1254882812500        5681.6723632812500       0.79351575228398752     
         129                 9630                20220                35684   7160.1254882812500        5679.2846679687500       0.79318228112954925     
         130                 9617                20228                35690   7160.1254882812500        5680.2397460937500       0.79331566959132460     
         131                 9617                20238                35680   7160.1254882812500        5678.6484375000000       0.79309342368287594     
         132                 9617                20221                35696   7160.1254882812500        5681.1948242187500       0.79344905805309995     
         133                 9602                20264                35668   7160.1254882812500        5676.7382812500000       0.79282664675932524     
         134                 9609                20234                35691   7160.1254882812500        5680.3989257812500       0.79333790100162049     
         135                 9624                20230                35681   7160.1254882812500        5678.8071289062500       0.79311558689866168     
         136                 9623                20252                35660   7160.1254882812500        5675.4653320312500       0.79264886367146836     
         137                 9601                20222                35711   7160.1254882812500        5683.5820312500000       0.79378246101302807     
         138                 9631                20252                35651   7160.1254882812500        5674.0327148437500       0.79244878097880533     
         139                 9613                20228                35694   7160.1254882812500        5680.8764648437500       0.79340459523250817     
         140                 9607                20203                35724   7160.1254882812500        5685.6508789062500       0.79407140115236441     
         141                 9615                20202                35718   7160.1254882812500        5684.6962890625000       0.79393808088509932     
         142                 9630                20230                35675   7160.1254882812500        5677.8525390625000       0.79298226663139648     
         143                 9615                20252                35668   7160.1254882812500        5676.7382812500000       0.79282664675932524     
         144                 9620                20236                35679   7160.1254882812500        5678.4892578125000       0.79307119227257994     
         145                 9592                20204                35739   7160.1254882812500        5688.0385742187500       0.79440487230680268     
         146                 9616                20211                35708   7160.1254882812500        5683.1044921875000       0.79371576678214040     
         147                 9604                20231                35700   7160.1254882812500        5681.8315429687500       0.79353798369428352     
         148                 9615                20211                35708   7160.1254882812500        5683.1044921875000       0.79371576678214040     
         149                 9607                20226                35702   7160.1254882812500        5682.1494140625000       0.79358237832036516     
         150                 9619                20237                35678   7160.1254882812500        5678.3300781250000       0.79304896086228416     
         151                 9605                20228                35701   7160.1254882812500        5681.9902343750000       0.79356014691006926     
         152                 9635                20204                35695   7160.1254882812500        5681.0356445312500       0.79342682664280406     
         153                 9628                20234                35673   7160.1254882812500        5677.5341796875000       0.79293780381080470     
         154                 9597                20236                35701   7160.1254882812500        5681.9902343750000       0.79356014691006926     
         155                 9632                20241                35662   7160.1254882812500        5675.7832031250000       0.79269325829755000     
         156                 9631                20226                35678   7160.1254882812500        5678.3300781250000       0.79304896086228416     
         157                 9618                20230                35687   7160.1254882812500        5679.7622070312500       0.79324897536043704     
         158                 9611                20213                35710   7160.1254882812500        5683.4228515625000       0.79376022960273218     
         159                 9607                20224                35703   7160.1254882812500        5682.3085937500000       0.79360460973066105     
         160                 9626                20211                35698   7160.1254882812500        5681.5131835937500       0.79349352087369174     
         161                 9615                20229                35691   7160.1254882812500        5680.3989257812500       0.79333790100162049     
         162                 9624                20229                35682   7160.1254882812500        5678.9663085937500       0.79313781830895758     
         163                 9617                20238                35679   7160.1254882812500        5678.4892578125000       0.79307119227257994     
         164                 9622                20200                35713   7160.1254882812500        5683.9003906250000       0.79382692383361986     
         165                 9621                20216                35698   7160.1254882812500        5681.5131835937500       0.79349352087369174     
         166                 9598                20240                35696   7160.1254882812500        5681.1948242187500       0.79344905805309995     
         167                 9609                20202                35724   7160.1254882812500        5685.6508789062500       0.79407140115236441     
         168                 9626                20250                35658   7160.1254882812500        5675.1469726562500       0.79260440085087658     
         169                 9611                20210                35713   7160.1254882812500        5683.9003906250000       0.79382692383361986     
         170                 9627                20252                35655   7160.1254882812500        5674.6694335937500       0.79253770661998890     
         171                 9613                20222                35699   7160.1254882812500        5681.6723632812500       0.79351575228398752     
         172                 9604                20243                35688   7160.1254882812500        5679.9213867187500       0.79327120677073282     
         173                 9615                20214                35706   7160.1254882812500        5682.7861328125000       0.79367130396154861     
         174                 9619                20216                35700   7160.1254882812500        5681.8315429687500       0.79353798369428352     
         175                 9609                20245                35681   7160.1254882812500        5678.8071289062500       0.79311558689866168     
         176                 9616                20214                35704   7160.1254882812500        5682.4677734375000       0.79362684114095683     
         177                 9626                20216                35692   7160.1254882812500        5680.5581054687500       0.79336013241191639     
         178                 9613                20228                35694   7160.1254882812500        5680.8764648437500       0.79340459523250817     
         179                 9612                20242                35681   7160.1254882812500        5678.8071289062500       0.79311558689866168     
         180                 9614                20229                35691   7160.1254882812500        5680.3989257812500       0.79333790100162049     
         181                 9607                20236                35692   7160.1254882812500        5680.5581054687500       0.79336013241191639     
         182                 9623                20240                35672   7160.1254882812500        5677.3750000000000       0.79291557240050881     
         183                 9618                20255                35662   7160.1254882812500        5675.7832031250000       0.79269325829755000     
         184                 9606                20226                35702   7160.1254882812500        5682.1494140625000       0.79358237832036516     
         185                 9621                20204                35710   7160.1254882812500        5683.4228515625000       0.79376022960273218     
         186                 9610                20201                35724   7160.1254882812500        5685.6508789062500       0.79407140115236441     
         187                 9621                20191                35723   7160.1254882812500        5685.4916992187500       0.79404916974206863     
         188                 9602                20206                35727   7160.1254882812500        5686.1284179687500       0.79413809538325209     
         189                 9608                20222                35705   7160.1254882812500        5682.6269531250000       0.79364907255125283     
         190                 9614                20243                35678   7160.1254882812500        5678.3300781250000       0.79304896086228416     
         191                 9606                20201                35727   7160.1254882812500        5686.1284179687500       0.79413809538325209     
         192                 9612                20190                35732   7160.1254882812500        5686.9243164062500       0.79424925243473155     
         193                 9603                20243                35688   7160.1254882812500        5679.9213867187500       0.79327120677073282     
         194                 9626                20242                35667   7160.1254882812500        5676.5791015625000       0.79280441534902946     
         195                 9610                20247                35677   7160.1254882812500        5678.1708984375000       0.79302672945198827     
         196                 9617                20224                35694   7160.1254882812500        5680.8764648437500       0.79340459523250817     
         197                 9607                20250                35678   7160.1254882812500        5678.3300781250000       0.79304896086228416     
         198                 9594                20203                35738   7160.1254882812500        5687.8793945312500       0.79438264089650690     
         199                 9618                20220                35696   7160.1254882812500        5681.1948242187500       0.79344905805309995     
         200                 9631                20242                35661   7160.1254882812500        5675.6245117187500       0.79267109508176414     
         201                 9612                20211                35712   7160.1254882812500        5683.7412109375000       0.79380469242332397     
         202                 9615                20222                35698   7160.1254882812500        5681.5131835937500       0.79349352087369174     
         203                 9604                20195                35735   7160.1254882812500        5687.4018554687500       0.79431594666561922     
         204                 9611                20232                35691   7160.1254882812500        5680.3989257812500       0.79333790100162049     
         205                 9606                20228                35700   7160.1254882812500        5681.8315429687500       0.79353798369428352     
         206                 9607                20224                35703   7160.1254882812500        5682.3085937500000       0.79360460973066105     
         207                 9613                20207                35715   7160.1254882812500        5684.2187500000000       0.79387138665421164     
         208                 9613                20222                35700   7160.1254882812500        5681.8315429687500       0.79353798369428352     
         209                 9611                20235                35688   7160.1254882812500        5679.9213867187500       0.79327120677073282     
         210                 9607                20214                35714   7160.1254882812500        5684.0595703125000       0.79384915524391575     
         211                 9614                20216                35705   7160.1254882812500        5682.6269531250000       0.79364907255125283     
         212                 9626                20236                35672   7160.1254882812500        5677.3750000000000       0.79291557240050881     
         213                 9619                20203                35713   7160.1254882812500        5683.9003906250000       0.79382692383361986     
         214                 9621                20220                35694   7160.1254882812500        5680.8764648437500       0.79340459523250817     
         215                 9617                20237                35680   7160.1254882812500        5678.6484375000000       0.79309342368287594     
         216                 9619                20207                35709   7160.1254882812500        5683.2636718750000       0.79373799819243629     
         217                 9623                20219                35693   7160.1254882812500        5680.7172851562500       0.79338236382221228     
         218                 9614                20234                35687   7160.1254882812500        5679.7622070312500       0.79324897536043704     
         219                 9618                20244                35673   7160.1254882812500        5677.5341796875000       0.79293780381080470     
         220                 9600                20191                35744   7160.1254882812500        5688.8339843750000       0.79451596116377199     
         221                 9601                20189                35745   7160.1254882812500        5688.9931640625000       0.79453819257406799     
         222                 9606                20213                35715   7160.1254882812500        5684.2187500000000       0.79387138665421164     
         223                 9626                20223                35686   7160.1254882812500        5679.6030273437500       0.79322674395014103     
         224                 9626                20211                35698   7160.1254882812500        5681.5131835937500       0.79349352087369174     
         225                 9613                20231                35691   7160.1254882812500        5680.3989257812500       0.79333790100162049     
         226                 9631                20247                35657   7160.1254882812500        5674.9877929687500       0.79258216944058069     
         227                 9616                20213                35705   7160.1254882812500        5682.6269531250000       0.79364907255125283     
         228                 9611                20246                35678   7160.1254882812500        5678.3300781250000       0.79304896086228416     
         229                 9614                20205                35715   7160.1254882812500        5684.2187500000000       0.79387138665421164     
         230                 9619                20216                35700   7160.1254882812500        5681.8315429687500       0.79353798369428352     
         231                 9621                20216                35698   7160.1254882812500        5681.5131835937500       0.79349352087369174     
         232                 9609                20196                35730   7160.1254882812500        5686.6059570312500       0.79420478961413976     
         233                 9613                20236                35685   7160.1254882812500        5679.4438476562500       0.79320451253984525     
         234                 9622                20235                35678   7160.1254882812500        5678.3300781250000       0.79304896086228416     
         235                 9608                20218                35708   7160.1254882812500        5683.1044921875000       0.79371576678214040     
         236                 9624                20226                35684   7160.1254882812500        5679.2846679687500       0.79318228112954925     
         237                 9627                20210                35698   7160.1254882812500        5681.5131835937500       0.79349352087369174     
         238                 9627                20202                35706   7160.1254882812500        5682.7861328125000       0.79367130396154861     
         239                 9613                20246                35676   7160.1254882812500        5678.0117187500000       0.79300449804169237     
         240                 9623                20265                35647   7160.1254882812500        5673.3959960937500       0.79235985533762188     
         241                 9614                20214                35706   7160.1254882812500        5682.7861328125000       0.79367130396154861     
         242                 9618                20226                35691   7160.1254882812500        5680.3989257812500       0.79333790100162049     
         243                 9609                20209                35717   7160.1254882812500        5684.5371093750000       0.79391584947480343     
         244                 9618                20220                35696   7160.1254882812500        5681.1948242187500       0.79344905805309995     
         245                 9616                20203                35716   7160.1254882812500        5684.3779296875000       0.79389361806450753     
         246                 9615                20213                35707   7160.1254882812500        5682.9453125000000       0.79369353537184451     
         247                 9616                20219                35700   7160.1254882812500        5681.8315429687500       0.79353798369428352     
         248                 9626                20240                35669   7160.1254882812500        5676.8974609375000       0.79284887816962113     
         249                 9611                20205                35719   7160.1254882812500        5684.8554687500000       0.79396031229539510     
         250                 9621                20238                35675   7160.1254882812500        5677.8525390625000       0.79298226663139648     
         251                 9625                20196                35714   7160.1254882812500        5684.0595703125000       0.79384915524391575     
         252                 9613                20204                35717   7160.1254882812500        5684.5371093750000       0.79391584947480343     
         253                 9609                20222                35703   7160.1254882812500        5682.3085937500000       0.79360460973066105     
         254                 9607                20198                35729   7160.1254882812500        5686.4467773437500       0.79418255820384387     
         255                 9612                20207                35716   7160.1254882812500        5684.3779296875000       0.79389361806450753     
         256                 9604                20227                35704   7160.1254882812500        5682.4677734375000       0.79362684114095683     
         257                 9610                20218                35707   7160.1254882812500        5682.9453125000000       0.79369353537184451     
         258                 9620                20214                35700   7160.1254882812500        5681.8315429687500       0.79353798369428352     
         259                 9624                20219                35691   7160.1254882812500        5680.3989257812500       0.79333790100162049     
         260                 9606                20234                35695   7160.1254882812500        5681.0356445312500       0.79342682664280406     
         261                 9609                20234                35691   7160.1254882812500        5680.3989257812500       0.79333790100162049     
         262                 9610                20207                35718   7160.1254882812500        5684.6962890625000       0.79393808088509932     
         263                 9598                20218                35718   7160.1254882812500        5684.6962890625000       0.79393808088509932     
         264                 9616                20219                35700   7160.1254882812500        5681.8315429687500       0.79353798369428352     
         265                 9619                20229                35687   7160.1254882812500        5679.7622070312500       0.79324897536043704     
         266                 9604                20249                35682   7160.1254882812500        5678.9663085937500       0.79313781830895758     
         267                 9618                20192                35724   7160.1254882812500        5685.6508789062500       0.79407140115236441     
         268                 9626                20224                35685   7160.1254882812500        5679.4438476562500       0.79320451253984525     
         269                 9620                20257                35657   7160.1254882812500        5674.9877929687500       0.79258216944058069     
         270                 9611                20203                35721   7160.1254882812500        5685.1733398437500       0.79400470692147684     
         271                 9610                20234                35690   7160.1254882812500        5680.2397460937500       0.79331566959132460     
         272                 9628                20222                35685   7160.1254882812500        5679.4438476562500       0.79320451253984525     
         273                 9619                20231                35684   7160.1254882812500        5679.2846679687500       0.79318228112954925     
         274                 9612                20220                35703   7160.1254882812500        5682.3085937500000       0.79360460973066105     
         275                 9616                20207                35712   7160.1254882812500        5683.7412109375000       0.79380469242332397     
         276                 9618                20220                35697   7160.1254882812500        5681.3540039062500       0.79347128946339585     
         277                 9618                20218                35698   7160.1254882812500        5681.5131835937500       0.79349352087369174     
         278                 9615                20225                35694   7160.1254882812500        5680.8764648437500       0.79340459523250817     
         279                 9612                20239                35683   7160.1254882812500        5679.1254882812500       0.79316004971925347     
         280                 9612                20226                35697   7160.1254882812500        5681.3540039062500       0.79347128946339585     
         281                 9609                20205                35721   7160.1254882812500        5685.1733398437500       0.79400470692147684     
         282                 9625                20216                35694   7160.1254882812500        5680.8764648437500       0.79340459523250817     
         283                 9619                20203                35713   7160.1254882812500        5683.9003906250000       0.79382692383361986     
         284                 9606                20232                35696   7160.1254882812500        5681.1948242187500       0.79344905805309995     
         285                 9619                20258                35658   7160.1254882812500        5675.1469726562500       0.79260440085087658     
         286                 9599                20233                35703   7160.1254882812500        5682.3085937500000       0.79360460973066105     
         287                 9635                20205                35694   7160.1254882812500        5680.8764648437500       0.79340459523250817     
         288                 9621                20238                35676   7160.1254882812500        5678.0117187500000       0.79300449804169237     
         289                 9615                20215                35705   7160.1254882812500        5682.6269531250000       0.79364907255125283     
         290                 9603                20239                35693   7160.1254882812500        5680.7172851562500       0.79338236382221228     
         291                 9606                20239                35689   7160.1254882812500        5680.0805664062500       0.79329343818102871     
         292                 9610                20224                35700   7160.1254882812500        5681.8315429687500       0.79353798369428352     
         293                 9632                20224                35678   7160.1254882812500        5678.3300781250000       0.79304896086228416     
         294                 9617                20235                35682   7160.1254882812500        5678.9663085937500       0.79313781830895758     
         295                 9622                20257                35656   7160.1254882812500        5674.8286132812500       0.79255993803028479     
         296                 9632                20211                35692   7160.1254882812500        5680.5581054687500       0.79336013241191639     
         297                 9626                20239                35670   7160.1254882812500        5677.0566406250000       0.79287110957991702     
         298                 9617                20228                35690   7160.1254882812500        5680.2397460937500       0.79331566959132460     
         299                 9610                20235                35689   7160.1254882812500        5680.0805664062500       0.79329343818102871     
         300                 9622                20221                35692   7160.1254882812500        5680.5581054687500       0.79336013241191639     
         301                 9617                20214                35704   7160.1254882812500        5682.4677734375000       0.79362684114095683     
         302                 9606                20225                35704   7160.1254882812500        5682.4677734375000       0.79362684114095683     
         303                 9619                20235                35681   7160.1254882812500        5678.8071289062500       0.79311558689866168     
         304                 9626                20218                35691   7160.1254882812500        5680.3989257812500       0.79333790100162049     
         305                 9622                20237                35676   7160.1254882812500        5678.0117187500000       0.79300449804169237     
         306                 9609                20214                35711   7160.1254882812500        5683.5820312500000       0.79378246101302807     
         307                 9624                20251                35660   7160.1254882812500        5675.4653320312500       0.79264886367146836     
         308                 9627                20262                35646   7160.1254882812500        5673.2368164062500       0.79233762392732587     
         309                 9635                20245                35655   7160.1254882812500        5674.6694335937500       0.79253770661998890     
         310                 9618                20223                35694   7160.1254882812500        5680.8764648437500       0.79340459523250817     
         311                 9613                20246                35676   7160.1254882812500        5678.0117187500000       0.79300449804169237     
         312                 9623                20220                35692   7160.1254882812500        5680.5581054687500       0.79336013241191639     
         313                 9618                20238                35679   7160.1254882812500        5678.4892578125000       0.79307119227257994     
         314                 9613                20225                35697   7160.1254882812500        5681.3540039062500       0.79347128946339585     
         315                 9603                20226                35705   7160.1254882812500        5682.6269531250000       0.79364907255125283     
         316                 9613                20249                35673   7160.1254882812500        5677.5341796875000       0.79293780381080470     
         317                 9617                20227                35690   7160.1254882812500        5680.2397460937500       0.79331566959132460     
         318                 9623                20224                35688   7160.1254882812500        5679.9213867187500       0.79327120677073282     
         319                 9626                20222                35686   7160.1254882812500        5679.6030273437500       0.79322674395014103     
         320                 9609                20249                35677   7160.1254882812500        5678.1708984375000       0.79302672945198827     
         321                 9599                20242                35693   7160.1254882812500        5680.7172851562500       0.79338236382221228     
         322                 9602                20225                35707   7160.1254882812500        5682.9453125000000       0.79369353537184451     
         323                 9620                20243                35672   7160.1254882812500        5677.3750000000000       0.79291557240050881     
         324                 9629                20236                35669   7160.1254882812500        5676.8974609375000       0.79284887816962113     
         325                 9633                20224                35677   7160.1254882812500        5678.1708984375000       0.79302672945198827     
         326                 9595                20233                35707   7160.1254882812500        5682.9453125000000       0.79369353537184451     
         327                 9613                20226                35695   7160.1254882812500        5681.0356445312500       0.79342682664280406     
         328                 9616                20207                35711   7160.1254882812500        5683.5820312500000       0.79378246101302807     
         329                 9619                20207                35709   7160.1254882812500        5683.2636718750000       0.79373799819243629     
         330                 9629                20232                35674   7160.1254882812500        5677.6933593750000       0.79296003522110059     
         331                 9625                20223                35687   7160.1254882812500        5679.7622070312500       0.79324897536043704     
         332                 9602                20232                35701   7160.1254882812500        5681.9902343750000       0.79356014691006926     
         333                 9619                20214                35702   7160.1254882812500        5682.1494140625000       0.79358237832036516     
         334                 9611                20226                35697   7160.1254882812500        5681.3540039062500       0.79347128946339585     
         335                 9626                20247                35662   7160.1254882812500        5675.7832031250000       0.79269325829755000     
         336                 9596                20232                35707   7160.1254882812500        5682.9453125000000       0.79369353537184451     
         337                 9615                20212                35707   7160.1254882812500        5682.9453125000000       0.79369353537184451     
         338                 9612                20227                35695   7160.1254882812500        5681.0356445312500       0.79342682664280406     
         339                 9624                20220                35690   7160.1254882812500        5680.2397460937500       0.79331566959132460     
         340                 9607                20206                35722   7160.1254882812500        5685.3325195312500       0.79402693833177274     
         341                 9621                20223                35690   7160.1254882812500        5680.2397460937500       0.79331566959132460     
         342                 9617                20204                35713   7160.1254882812500        5683.9003906250000       0.79382692383361986     
         343                 9603                20224                35708   7160.1254882812500        5683.1044921875000       0.79371576678214040     
         344                 9613                20226                35696   7160.1254882812500        5681.1948242187500       0.79344905805309995     
         345                 9614                20255                35665   7160.1254882812500        5676.2607421875000       0.79275995252843767     
         346                 9618                20262                35654   7160.1254882812500        5674.5102539062500       0.79251547520969301     
         347                 9614                20214                35707   7160.1254882812500        5682.9453125000000       0.79369353537184451     
         348                 9609                20236                35689   7160.1254882812500        5680.0805664062500       0.79329343818102871     
         349                 9609                20232                35693   7160.1254882812500        5680.7172851562500       0.79338236382221228     
         350                 9602                20230                35702   7160.1254882812500        5682.1494140625000       0.79358237832036516     
         351                 9605                20200                35729   7160.1254882812500        5686.4467773437500       0.79418255820384387     
         352                 9617                20226                35692   7160.1254882812500        5680.5581054687500       0.79336013241191639     
         353                 9599                20212                35724   7160.1254882812500        5685.6508789062500       0.79407140115236441     
         354                 9625                20237                35673   7160.1254882812500        5677.5341796875000       0.79293780381080470     
         355                 9601                20239                35695   7160.1254882812500        5681.0356445312500       0.79342682664280406     
         356                 9626                20216                35693   7160.1254882812500        5680.7172851562500       0.79338236382221228     
         357                 9634                20246                35655   7160.1254882812500        5674.6694335937500       0.79253770661998890     
         358                 9616                20241                35678   7160.1254882812500        5678.3300781250000       0.79304896086228416     
         359                 9625                20221                35689   7160.1254882812500        5680.0805664062500       0.79329343818102871     
         360                 9629                20211                35695   7160.1254882812500        5681.0356445312500       0.79342682664280406     
         361                 9620                20204                35711   7160.1254882812500        5683.5820312500000       0.79378246101302807     
         362                 9599                20191                35744   7160.1254882812500        5688.8339843750000       0.79451596116377199     
         363                 9610                20220                35704   7160.1254882812500        5682.4677734375000       0.79362684114095683     
         364                 9610                20223                35701   7160.1254882812500        5681.9902343750000       0.79356014691006926     
         365                 9619                20208                35708   7160.1254882812500        5683.1044921875000       0.79371576678214040     
         366                 9626                20253                35656   7160.1254882812500        5674.8286132812500       0.79255993803028479     
         367                 9592                20204                35738   7160.1254882812500        5687.8793945312500       0.79438264089650690     
         368                 9612                20222                35700   7160.1254882812500        5681.8315429687500       0.79353798369428352     
         369                 9626                20219                35690   7160.1254882812500        5680.2397460937500       0.79331566959132460     
         370                 9611                20224                35700   7160.1254882812500        5681.8315429687500       0.79353798369428352     
         371                 9627                20252                35656   7160.1254882812500        5674.8286132812500       0.79255993803028479     
         372                 9619                20229                35687   7160.1254882812500        5679.7622070312500       0.79324897536043704     
         373                 9627                20241                35667   7160.1254882812500        5676.5791015625000       0.79280441534902946     
         374                 9620                20215                35699   7160.1254882812500        5681.6723632812500       0.79351575228398752     
         375                 9606                20244                35685   7160.1254882812500        5679.4438476562500       0.79320451253984525     
         376                 9623                20256                35656   7160.1254882812500        5674.8286132812500       0.79255993803028479     
         377                 9618                20200                35716   7160.1254882812500        5684.3779296875000       0.79389361806450753     
         378                 9619                20231                35684   7160.1254882812500        5679.2846679687500       0.79318228112954925     
         379                 9608                20249                35678   7160.1254882812500        5678.3300781250000       0.79304896086228416     
         380                 9616                20235                35684   7160.1254882812500        5679.2846679687500       0.79318228112954925     
         381                 9620                20248                35666   7160.1254882812500        5676.4199218750000       0.79278218393873345     
         382                 9611                20253                35670   7160.1254882812500        5677.0566406250000       0.79287110957991702     
         383                 9614                20244                35677   7160.1254882812500        5678.1708984375000       0.79302672945198827     
         384                 9617                20228                35689   7160.1254882812500        5680.0805664062500       0.79329343818102871     
         385                 9618                20227                35690   7160.1254882812500        5680.2397460937500       0.79331566959132460     
         386                 9612                20188                35735   7160.1254882812500        5687.4018554687500       0.79431594666561922     
         387                 9609                20245                35680   7160.1254882812500        5678.6484375000000       0.79309342368287594     
         388                 9622                20216                35697   7160.1254882812500        5681.3540039062500       0.79347128946339585     
         389                 9612                20182                35741   7160.1254882812500        5688.3564453125000       0.79444926693288442     
         390                 9600                20213                35722   7160.1254882812500        5685.3325195312500       0.79402693833177274     
         391                 9621                20251                35662   7160.1254882812500        5675.7832031250000       0.79269325829755000     
         392                 9610                20212                35713   7160.1254882812500        5683.9003906250000       0.79382692383361986     
         393                 9632                20223                35679   7160.1254882812500        5678.4892578125000       0.79307119227257994     
         394                 9619                20226                35689   7160.1254882812500        5680.0805664062500       0.79329343818102871     
         395                 9618                20211                35706   7160.1254882812500        5682.7861328125000       0.79367130396154861     
         396                 9612                20238                35685   7160.1254882812500        5679.4438476562500       0.79320451253984525     
         397                 9608                20253                35674   7160.1254882812500        5677.6933593750000       0.79296003522110059     
         398                 9607                20240                35687   7160.1254882812500        5679.7622070312500       0.79324897536043704     
         399                 9620                20230                35685   7160.1254882812500        5679.4438476562500       0.79320451253984525     
         400                 9610                20228                35697   7160.1254882812500        5681.3540039062500       0.79347128946339585     
         401                 9599                20260                35676   7160.1254882812500        5678.0117187500000       0.79300449804169237     
         402                 9618                20228                35689   7160.1254882812500        5680.0805664062500       0.79329343818102871     
         403                 9617                20217                35701   7160.1254882812500        5681.9902343750000       0.79356014691006926     
         404                 9617                20233                35685   7160.1254882812500        5679.4438476562500       0.79320451253984525     
         405                 9608                20239                35687   7160.1254882812500        5679.7622070312500       0.79324897536043704     
         406                 9612                20202                35721   7160.1254882812500        5685.1733398437500       0.79400470692147684     
         407                 9620                20222                35693   7160.1254882812500        5680.7172851562500       0.79338236382221228     
         408                 9615                20226                35693   7160.1254882812500        5680.7172851562500       0.79338236382221228     
         409                 9628                20217                35689   7160.1254882812500        5680.0805664062500       0.79329343818102871     
         410                 9617                20212                35706   7160.1254882812500        5682.7861328125000       0.79367130396154861     
         411                 9618                20211                35705   7160.1254882812500        5682.6269531250000       0.79364907255125283     
         412                 9620                20234                35681   7160.1254882812500        5678.8071289062500       0.79311558689866168     
         413                 9601                20236                35698   7160.1254882812500        5681.5131835937500       0.79349352087369174     
         414                 9620                20225                35690   7160.1254882812500        5680.2397460937500       0.79331566959132460     
         415                 9633                20227                35674   7160.1254882812500        5677.6933593750000       0.79296003522110059     
         416                 9633                20196                35706   7160.1254882812500        5682.7861328125000       0.79367130396154861     
         417                 9612                20251                35671   7160.1254882812500        5677.2158203125000       0.79289334099021291     
         418                 9608                20224                35702   7160.1254882812500        5682.1494140625000       0.79358237832036516     
         419                 9632                20231                35672   7160.1254882812500        5677.3750000000000       0.79291557240050881     
         420                 9614                20223                35698   7160.1254882812500        5681.5131835937500       0.79349352087369174     
         421                 9609                20223                35703   7160.1254882812500        5682.3085937500000       0.79360460973066105     
         422                 9616                20223                35695   7160.1254882812500        5681.0356445312500       0.79342682664280406     
         423                 9613                20200                35722   7160.1254882812500        5685.3325195312500       0.79402693833177274     
         424                 9604                20201                35729   7160.1254882812500        5686.4467773437500       0.79418255820384387     
         425                 9602                20203                35730   7160.1254882812500        5686.6059570312500       0.79420478961413976     
         426                 9623                20208                35704   7160.1254882812500        5682.4677734375000       0.79362684114095683     
         427                 9611                20217                35707   7160.1254882812500        5682.9453125000000       0.79369353537184451     
         428                 9615                20245                35674   7160.1254882812500        5677.6933593750000       0.79296003522110059     
         429                 9605                20225                35705   7160.1254882812500        5682.6269531250000       0.79364907255125283     
         430                 9608                20200                35726   7160.1254882812500        5685.9692382812500       0.79411586397295619     
         431                 9633                20237                35664   7160.1254882812500        5676.1015625000000       0.79273772111814167     
         432                 9641                20243                35651   7160.1254882812500        5674.0327148437500       0.79244878097880533     
         433                 9627                20224                35684   7160.1254882812500        5679.2846679687500       0.79318228112954925     
         434                 9628                20228                35678   7160.1254882812500        5678.3300781250000       0.79304896086228416     
         435                 9604                20227                35704   7160.1254882812500        5682.4677734375000       0.79362684114095683     
         436                 9608                20215                35712   7160.1254882812500        5683.7412109375000       0.79380469242332397     
         437                 9624                20217                35694   7160.1254882812500        5680.8764648437500       0.79340459523250817     
         438                 9622                20230                35683   7160.1254882812500        5679.1254882812500       0.79316004971925347     
         439                 9629                20215                35690   7160.1254882812500        5680.2397460937500       0.79331566959132460     
         440                 9612                20218                35705   7160.1254882812500        5682.6269531250000       0.79364907255125283     
         441                 9612                20214                35709   7160.1254882812500        5683.2636718750000       0.79373799819243629     
         442                 9604                20246                35685   7160.1254882812500        5679.4438476562500       0.79320451253984525     
         443                 9620                20213                35701   7160.1254882812500        5681.9902343750000       0.79356014691006926     
         444                 9624                20226                35684   7160.1254882812500        5679.2846679687500       0.79318228112954925     
         445                 9612                20208                35714   7160.1254882812500        5684.0595703125000       0.79384915524391575     
         446                 9616                20243                35676   7160.1254882812500        5678.0117187500000       0.79300449804169237     
         447                 9592                20211                35732   7160.1254882812500        5686.9243164062500       0.79424925243473155     
         448                 9607                20248                35680   7160.1254882812500        5678.6484375000000       0.79309342368287594     
         449                 9619                20284                35631   7160.1254882812500        5670.8496093750000       0.79200422096739775     
         450                 9611                20264                35660   7160.1254882812500        5675.4653320312500       0.79264886367146836     
         451                 9617                20197                35720   7160.1254882812500        5685.0146484375000       0.79398254370569110     
         452                 9609                20182                35744   7160.1254882812500        5688.8339843750000       0.79451596116377199     
         453                 9606                20227                35702   7160.1254882812500        5682.1494140625000       0.79358237832036516     
         454                 9620                20241                35673   7160.1254882812500        5677.5341796875000       0.79293780381080470     
         455                 9621                20186                35727   7160.1254882812500        5686.1284179687500       0.79413809538325209     
         456                 9634                20199                35702   7160.1254882812500        5682.1494140625000       0.79358237832036516     
         457                 9632                20237                35666   7160.1254882812500        5676.4199218750000       0.79278218393873345     
         458                 9619                20208                35708   7160.1254882812500        5683.1044921875000       0.79371576678214040     
         459                 9614                20213                35707   7160.1254882812500        5682.9453125000000       0.79369353537184451     
         460                 9611                20221                35702   7160.1254882812500        5682.1494140625000       0.79358237832036516     
         461                 9605                20212                35717   7160.1254882812500        5684.5371093750000       0.79391584947480343     
         462                 9620                20242                35673   7160.1254882812500        5677.5341796875000       0.79293780381080470     
         463                 9618                20232                35685   7160.1254882812500        5679.4438476562500       0.79320451253984525     
         464                 9608                20196                35730   7160.1254882812500        5686.6059570312500       0.79420478961413976     
         465                 9613                20237                35684   7160.1254882812500        5679.2846679687500       0.79318228112954925     
         466                 9611                20211                35712   7160.1254882812500        5683.7412109375000       0.79380469242332397     
         467                 9616                20242                35677   7160.1254882812500        5678.1708984375000       0.79302672945198827     
         468                 9606                20212                35717   7160.1254882812500        5684.5371093750000       0.79391584947480343     
         469                 9605                20242                35688   7160.1254882812500        5679.9213867187500       0.79327120677073282     
         470                 9608                20208                35719   7160.1254882812500        5684.8554687500000       0.79396031229539510     
         471                 9610                20196                35729   7160.1254882812500        5686.4467773437500       0.79418255820384387     
         472                 9619                20228                35688   7160.1254882812500        5679.9213867187500       0.79327120677073282     
         473                 9614                20219                35701   7160.1254882812500        5681.9902343750000       0.79356014691006926     
         474                 9617                20223                35695   7160.1254882812500        5681.0356445312500       0.79342682664280406     
         475                 9611                20221                35703   7160.1254882812500        5682.3085937500000       0.79360460973066105     
         476                 9611                20248                35675   7160.1254882812500        5677.8525390625000       0.79298226663139648     
         477                 9609                20223                35703   7160.1254882812500        5682.3085937500000       0.79360460973066105     
         478                 9625                20231                35678   7160.1254882812500        5678.3300781250000       0.79304896086228416     
         479                 9610                20259                35665   7160.1254882812500        5676.2607421875000       0.79275995252843767     
         480                 9621                20220                35693   7160.1254882812500        5680.7172851562500       0.79338236382221228     
         481                 9597                20232                35706   7160.1254882812500        5682.7861328125000       0.79367130396154861     
         482                 9625                20234                35676   7160.1254882812500        5678.0117187500000       0.79300449804169237     
         483                 9616                20229                35690   7160.1254882812500        5680.2397460937500       0.79331566959132460     
         484                 9625                20229                35680   7160.1254882812500        5678.6484375000000       0.79309342368287594     
         485                 9632                20214                35689   7160.1254882812500        5680.0805664062500       0.79329343818102871     
         486                 9614                20217                35704   7160.1254882812500        5682.4677734375000       0.79362684114095683     
         487                 9622                20206                35706   7160.1254882812500        5682.7861328125000       0.79367130396154861     
         488                 9620                20202                35713   7160.1254882812500        5683.9003906250000       0.79382692383361986     
         489                 9615                20195                35725   7160.1254882812500        5685.8100585937500       0.79409363256266041     
         490                 9613                20223                35699   7160.1254882812500        5681.6723632812500       0.79351575228398752     
         491                 9603                20236                35696   7160.1254882812500        5681.1948242187500       0.79344905805309995     
         492                 9595                20229                35710   7160.1254882812500        5683.4228515625000       0.79376022960273218     
         493                 9627                20197                35711   7160.1254882812500        5683.5820312500000       0.79378246101302807     
         494                 9624                20219                35692   7160.1254882812500        5680.5581054687500       0.79336013241191639     
         495                 9622                20230                35683   7160.1254882812500        5679.1254882812500       0.79316004971925347     
         496                 9608                20227                35700   7160.1254882812500        5681.8315429687500       0.79353798369428352     
         497                 9613                20237                35685   7160.1254882812500        5679.4438476562500       0.79320451253984525     
         498                 9617                20227                35691   7160.1254882812500        5680.3989257812500       0.79333790100162049     
         499                 9620                20205                35709   7160.1254882812500        5683.2636718750000       0.79373799819243629     
         500                 9606                20245                35683   7160.1254882812500        5679.1254882812500       0.79316004971925347     
