 Tiempo InterPos InterNeg InterPN IdealR MeasuredR Rho
           1                 2573                  578                13232   7160.1254882812500        2105.9382324218750       0.29412029661611339     
           2                 2575                  599                13208   7160.1254882812500        2102.1184082031250       0.29358681096352224     
           3                 2573                  597                13212   7160.1254882812500        2102.7551269531250       0.29367573660470581     
           4                 2552                  579                13251   7160.1254882812500        2108.9621582031250       0.29454262521722507     
           5                 2597                  605                13181   7160.1254882812500        2097.8212890625000       0.29298666517729854     
           6                 2553                  598                13231   7160.1254882812500        2105.7790527343750       0.29409806520581749     
           7                 2637                  605                13140   7160.1254882812500        2091.2958984375000       0.29207531374418749     
           8                 2607                  601                13175   7160.1254882812500        2096.8662109375000       0.29285327671552330     
           9                 2522                  596                13265   7160.1254882812500        2111.1901855468750       0.29485379676685741     
          10                 2526                  569                13287   7160.1254882812500        2114.6916503906250       0.29534281959885667     
          11                 2607                  598                13178   7160.1254882812500        2097.3437500000000       0.29291997094641087     
          12                 2539                  543                13301   7160.1254882812500        2116.9199218750000       0.29565402524574402     
          13                 2565                  575                13243   7160.1254882812500        2107.6889648437500       0.29436480803211307     
          14                 2540                  565                13278   7160.1254882812500        2113.2592773437500       0.29514277100344877     
          15                 2524                  555                13304   7160.1254882812500        2117.3972167968750       0.29572068537937668     
          16                 2565                  581                13237   7160.1254882812500        2106.7338867187500       0.29423141957033772     
          17                 2613                  623                13147   7160.1254882812500        2092.4099121093750       0.29223089951900372     
          18                 2528                  573                13281   7160.1254882812500        2113.7368164062500       0.29520946523433644     
          19                 2562                  593                13227   7160.1254882812500        2105.1423339843750       0.29400913956463393     
          20                 2552                  597                13234   7160.1254882812500        2106.2563476562500       0.29416472533945015     
          21                 2557                  608                13217   7160.1254882812500        2103.5507812500000       0.29378685955893014     
          22                 2542                  591                13249   7160.1254882812500        2108.6437988281250       0.29449816239663329     
          23                 2592                  601                13189   7160.1254882812500        2099.0944824218750       0.29316448236241055     
          24                 2540                  555                13287   7160.1254882812500        2114.6916503906250       0.29534281959885667     
          25                 2525                  595                13262   7160.1254882812500        2110.7128906250000       0.29478713663322476     
          26                 2542                  610                13230   7160.1254882812500        2105.6198730468750       0.29407583379552160     
          27                 2539                  603                13241   7160.1254882812500        2107.3706054687500       0.29432034521152128     
          28                 2577                  542                13263   7160.1254882812500        2110.8720703125000       0.29480936804352065     
          29                 2581                  599                13203   7160.1254882812500        2101.3227539062500       0.29347568800929791     
          30                 2543                  593                13247   7160.1254882812500        2108.3254394531250       0.29445369957604151     
          31                 2546                  557                13280   7160.1254882812500        2113.5776367187500       0.29518723382404055     
          32                 2508                  593                13281   7160.1254882812500        2113.7368164062500       0.29520946523433644     
          33                 2583                  630                13170   7160.1254882812500        2096.0705566406250       0.29274215376129886     
          34                 2549                  589                13245   7160.1254882812500        2108.0070800781250       0.29440923675544983     
          35                 2510                  568                13305   7160.1254882812500        2117.5563964843750       0.29574291678967246     
          36                 2501                  576                13305   7160.1254882812500        2117.5563964843750       0.29574291678967246     
          37                 2543                  593                13246   7160.1254882812500        2108.1662597656250       0.29443146816574561     
          38                 2533                  560                13289   7160.1254882812500        2115.0100097656250       0.29538728241944845     
          39                 2558                  577                13247   7160.1254882812500        2108.3254394531250       0.29445369957604151     
          40                 2497                  559                13326   7160.1254882812500        2120.8986816406250       0.29620970821137593     
          41                 2539                  581                13263   7160.1254882812500        2110.8720703125000       0.29480936804352065     
          42                 2543                  571                13268   7160.1254882812500        2111.6677246093750       0.29492049099774498     
          43                 2526                  571                13286   7160.1254882812500        2114.5324707031250       0.29532058818856077     
          44                 2525                  574                13283   7160.1254882812500        2114.0549316406250       0.29525389395767321     
          45                 2538                  597                13248   7160.1254882812500        2108.4846191406250       0.29447593098633740     
          46                 2542                  595                13246   7160.1254882812500        2108.1662597656250       0.29443146816574561     
          47                 2522                  589                13271   7160.1254882812500        2112.1452636718750       0.29498718522863265     
          48                 2526                  579                13278   7160.1254882812500        2113.2592773437500       0.29514277100344877     
          49                 2533                  587                13263   7160.1254882812500        2110.8720703125000       0.29480936804352065     
          50                 2508                  583                13292   7160.1254882812500        2115.4875488281250       0.29545397665033613     
          51                 2508                  593                13281   7160.1254882812500        2113.7368164062500       0.29520946523433644     
          52                 2465                  583                13334   7160.1254882812500        2122.1718750000000       0.29638752539648805     
          53                 2507                  559                13317   7160.1254882812500        2119.4663085937500       0.29600965961596803     
          54                 2563                  579                13241   7160.1254882812500        2107.3706054687500       0.29432034521152128     
          55                 2543                  606                13234   7160.1254882812500        2106.2563476562500       0.29416472533945015     
          56                 2507                  587                13289   7160.1254882812500        2115.0100097656250       0.29538728241944845     
          57                 2590                  590                13203   7160.1254882812500        2101.3227539062500       0.29347568800929791     
          58                 2552                  568                13262   7160.1254882812500        2110.7128906250000       0.29478713663322476     
          59                 2561                  612                13209   7160.1254882812500        2102.2775878906250       0.29360904237381813     
          60                 2605                  596                13182   7160.1254882812500        2097.9804687500000       0.29300889658759444     
          61                 2540                  602                13241   7160.1254882812500        2107.3706054687500       0.29432034521152128     
          62                 2531                  554                13298   7160.1254882812500        2116.4423828125000       0.29558733101485635     
          63                 2591                  610                13182   7160.1254882812500        2097.9804687500000       0.29300889658759444     
          64                 2592                  600                13190   7160.1254882812500        2099.2536621093750       0.29318671377270644     
          65                 2588                  600                13194   7160.1254882812500        2099.8903808593750       0.29327563941389001     
          66                 2532                  551                13300   7160.1254882812500        2116.7607421875000       0.29563179383544813     
          67                 2519                  582                13282   7160.1254882812500        2113.8959960937500       0.29523169664463234     
          68                 2559                  590                13233   7160.1254882812500        2106.0974121093750       0.29414252802640928     
          69                 2562                  611                13210   7160.1254882812500        2102.4367675781250       0.29363127378411402     
          70                 2561                  584                13238   7160.1254882812500        2106.8930664062500       0.29425365098063361     
          71                 2507                  551                13325   7160.1254882812500        2120.7395019531250       0.29618747680108004     
          72                 2518                  561                13304   7160.1254882812500        2117.3972167968750       0.29572068537937668     
          73                 2541                  599                13243   7160.1254882812500        2107.6889648437500       0.29436480803211307     
          74                 2582                  589                13211   7160.1254882812500        2102.5959472656250       0.29365350519440991     
          75                 2591                  581                13210   7160.1254882812500        2102.4367675781250       0.29363127378411402     
          76                 2569                  592                13222   7160.1254882812500        2104.3466796875000       0.29389801661040960     
          77                 2604                  581                13197   7160.1254882812500        2100.3676757812500       0.29334229954752256     
          78                 2581                  578                13223   7160.1254882812500        2104.5058593750000       0.29392024802070549     
          79                 2522                  566                13295   7160.1254882812500        2115.9648437500000       0.29552063678396867     
          80                 2586                  599                13197   7160.1254882812500        2100.3676757812500       0.29334229954752256     
          81                 2545                  602                13236   7160.1254882812500        2106.5747070312500       0.29420918816004182     
          82                 2553                  591                13239   7160.1254882812500        2107.0522460937500       0.29427588239092950     
          83                 2469                  573                13341   7160.1254882812500        2123.2861328125000       0.29654314526855918     
          84                 2550                  568                13264   7160.1254882812500        2111.0310058593750       0.29483156535656152     
          85                 2570                  582                13230   7160.1254882812500        2105.6198730468750       0.29407583379552160     
          86                 2533                  572                13278   7160.1254882812500        2113.2592773437500       0.29514277100344877     
          87                 2546                  592                13245   7160.1254882812500        2108.0070800781250       0.29440923675544983     
          88                 2591                  589                13202   7160.1254882812500        2101.1635742187500       0.29345345659900202     
          89                 2600                  587                13196   7160.1254882812500        2100.2084960937500       0.29332006813722677     
          90                 2583                  584                13215   7160.1254882812500        2103.2324218750000       0.29374239673833846     
          91                 2589                  598                13195   7160.1254882812500        2100.0493164062500       0.29329783672693088     
          92                 2566                  572                13244   7160.1254882812500        2107.8479003906250       0.29438700534515394     
          93                 2537                  591                13255   7160.1254882812500        2109.5986328125000       0.29463151676115362     
          94                 2556                  580                13246   7160.1254882812500        2108.1662597656250       0.29443146816574561     
          95                 2527                  571                13284   7160.1254882812500        2114.2141113281250       0.29527612536796910     
          96                 2499                  592                13292   7160.1254882812500        2115.4875488281250       0.29545397665033613     
          97                 2558                  605                13219   7160.1254882812500        2103.8691406250000       0.29383132237952192     
          98                 2601                  602                13180   7160.1254882812500        2097.6621093750000       0.29296443376700265     
          99                 2558                  624                13200   7160.1254882812500        2100.8452148437500       0.29340899377841023     
         100                 2562                  598                13222   7160.1254882812500        2104.3466796875000       0.29389801661040960     
         101                 2553                  585                13245   7160.1254882812500        2108.0070800781250       0.29440923675544983     
         102                 2555                  604                13223   7160.1254882812500        2104.5058593750000       0.29392024802070549     
         103                 2576                  611                13196   7160.1254882812500        2100.2084960937500       0.29332006813722677     
         104                 2590                  605                13188   7160.1254882812500        2098.9353027343750       0.29314225095211466     
         105                 2553                  571                13259   7160.1254882812500        2110.2353515625000       0.29472044240233708     
         106                 2528                  557                13298   7160.1254882812500        2116.4423828125000       0.29558733101485635     
         107                 2572                  579                13231   7160.1254882812500        2105.7790527343750       0.29409806520581749     
         108                 2503                  581                13298   7160.1254882812500        2116.4423828125000       0.29558733101485635     
         109                 2529                  580                13274   7160.1254882812500        2112.6225585937500       0.29505384536226531     
         110                 2541                  569                13272   7160.1254882812500        2112.3044433593750       0.29500941663892855     
         111                 2509                  562                13311   7160.1254882812500        2118.5114746093750       0.29587630525144781     
         112                 2596                  597                13189   7160.1254882812500        2099.0944824218750       0.29316448236241055     
         113                 2547                  573                13262   7160.1254882812500        2110.7128906250000       0.29478713663322476     
         114                 2534                  570                13278   7160.1254882812500        2113.2592773437500       0.29514277100344877     
         115                 2521                  595                13266   7160.1254882812500        2111.3493652343750       0.29487602817715319     
         116                 2534                  593                13256   7160.1254882812500        2109.7578125000000       0.29465374817144940     
         117                 2568                  587                13227   7160.1254882812500        2105.1423339843750       0.29400913956463393     
         118                 2521                  590                13271   7160.1254882812500        2112.1452636718750       0.29498718522863265     
         119                 2540                  618                13224   7160.1254882812500        2104.6647949218750       0.29394244533374636     
         120                 2573                  588                13222   7160.1254882812500        2104.3466796875000       0.29389801661040960     
         121                 2542                  585                13255   7160.1254882812500        2109.5986328125000       0.29463151676115362     
         122                 2555                  610                13217   7160.1254882812500        2103.5507812500000       0.29378685955893014     
         123                 2584                  595                13203   7160.1254882812500        2101.3227539062500       0.29347568800929791     
         124                 2537                  596                13250   7160.1254882812500        2108.8029785156250       0.29452039380692918     
         125                 2574                  605                13204   7160.1254882812500        2101.4816894531250       0.29349788532233878     
         126                 2556                  587                13239   7160.1254882812500        2107.0522460937500       0.29427588239092950     
         127                 2525                  546                13312   7160.1254882812500        2118.6706542968750       0.29589853666174371     
         128                 2527                  567                13289   7160.1254882812500        2115.0100097656250       0.29538728241944845     
         129                 2580                  622                13180   7160.1254882812500        2097.6621093750000       0.29296443376700265     
         130                 2543                  562                13278   7160.1254882812500        2113.2592773437500       0.29514277100344877     
         131                 2563                  597                13223   7160.1254882812500        2104.5058593750000       0.29392024802070549     
         132                 2566                  593                13224   7160.1254882812500        2104.6647949218750       0.29394244533374636     
         133                 2554                  564                13265   7160.1254882812500        2111.1901855468750       0.29485379676685741     
         134                 2562                  574                13247   7160.1254882812500        2108.3254394531250       0.29445369957604151     
         135                 2576                  599                13208   7160.1254882812500        2102.1184082031250       0.29358681096352224     
         136                 2506                  585                13292   7160.1254882812500        2115.4875488281250       0.29545397665033613     
         137                 2576                  606                13201   7160.1254882812500        2101.0043945312500       0.29343122518870612     
         138                 2550                  595                13238   7160.1254882812500        2106.8930664062500       0.29425365098063361     
         139                 2626                  630                13126   7160.1254882812500        2089.0676269531250       0.29176410809730025     
         140                 2590                  575                13218   7160.1254882812500        2103.7099609375000       0.29380909096922603     
         141                 2607                  631                13144   7160.1254882812500        2091.9326171875000       0.29216423938537106     
         142                 2545                  598                13240   7160.1254882812500        2107.2114257812500       0.29429811380122539     
         143                 2527                  582                13273   7160.1254882812500        2112.4633789062500       0.29503161395196942     
         144                 2596                  591                13196   7160.1254882812500        2100.2084960937500       0.29332006813722677     
         145                 2572                  577                13234   7160.1254882812500        2106.2563476562500       0.29416472533945015     
         146                 2602                  607                13174   7160.1254882812500        2096.7072753906250       0.29283107940248243     
         147                 2553                  587                13243   7160.1254882812500        2107.6889648437500       0.29436480803211307     
         148                 2606                  588                13189   7160.1254882812500        2099.0944824218750       0.29316448236241055     
         149                 2614                  588                13181   7160.1254882812500        2097.8212890625000       0.29298666517729854     
         150                 2546                  580                13256   7160.1254882812500        2109.7578125000000       0.29465374817144940     
         151                 2615                  589                13179   7160.1254882812500        2097.5029296875000       0.29294220235670676     
         152                 2612                  626                13144   7160.1254882812500        2091.9326171875000       0.29216423938537106     
         153                 2634                  605                13143   7160.1254882812500        2091.7734375000000       0.29214200797507517     
         154                 2538                  587                13258   7160.1254882812500        2110.0761718750000       0.29469821099204119     
         155                 2591                  607                13184   7160.1254882812500        2098.2988281250000       0.29305335940818622     
         156                 2584                  593                13206   7160.1254882812500        2101.8000488281250       0.29354234814293056     
         157                 2566                  584                13232   7160.1254882812500        2105.9382324218750       0.29412029661611339     
         158                 2601                  573                13208   7160.1254882812500        2102.1184082031250       0.29358681096352224     
         159                 2593                  599                13191   7160.1254882812500        2099.4128417968750       0.29320894518300233     
         160                 2609                  619                13155   7160.1254882812500        2093.6831054687500       0.29240871670411572     
         161                 2577                  581                13224   7160.1254882812500        2104.6647949218750       0.29394244533374636     
         162                 2574                  609                13199   7160.1254882812500        2100.6860351562500       0.29338676236811434     
         163                 2581                  585                13216   7160.1254882812500        2103.3916015625000       0.29376462814863435     
         164                 2590                  611                13181   7160.1254882812500        2097.8212890625000       0.29298666517729854     
         165                 2601                  616                13165   7160.1254882812500        2095.2746582031250       0.29263099670981951     
         166                 2580                  615                13187   7160.1254882812500        2098.7761230468750       0.29312001954181877     
         167                 2546                  584                13252   7160.1254882812500        2109.1213378906250       0.29456485662752097     
         168                 2577                  601                13204   7160.1254882812500        2101.4816894531250       0.29349788532233878     
         169                 2549                  570                13263   7160.1254882812500        2110.8720703125000       0.29480936804352065     
         170                 2624                  590                13168   7160.1254882812500        2095.7521972656250       0.29269769094070708     
         171                 2598                  612                13173   7160.1254882812500        2096.5480957031250       0.29280884799218654     
         172                 2575                  584                13224   7160.1254882812500        2104.6647949218750       0.29394244533374636     
         173                 2614                  588                13181   7160.1254882812500        2097.8212890625000       0.29298666517729854     
         174                 2653                  598                13132   7160.1254882812500        2090.0227050781250       0.29189749655907549     
         175                 2619                  600                13164   7160.1254882812500        2095.1157226562500       0.29260879939677864     
         176                 2569                  592                13221   7160.1254882812500        2104.1875000000000       0.29387578520011370     
         177                 2627                  609                13147   7160.1254882812500        2092.4099121093750       0.29223089951900372     
         178                 2516                  585                13282   7160.1254882812500        2113.8959960937500       0.29523169664463234     
         179                 2562                  574                13247   7160.1254882812500        2108.3254394531250       0.29445369957604151     
         180                 2571                  609                13202   7160.1254882812500        2101.1635742187500       0.29345345659900202     
         181                 2547                  590                13245   7160.1254882812500        2108.0070800781250       0.29440923675544983     
         182                 2556                  595                13232   7160.1254882812500        2105.9382324218750       0.29412029661611339     
         183                 2529                  590                13264   7160.1254882812500        2111.0310058593750       0.29483156535656152     
         184                 2567                  595                13221   7160.1254882812500        2104.1875000000000       0.29387578520011370     
         185                 2488                  617                13277   7160.1254882812500        2113.1000976562500       0.29512053959315288     
         186                 2518                  577                13288   7160.1254882812500        2114.8508300781250       0.29536505100915256     
         187                 2553                  595                13234   7160.1254882812500        2106.2563476562500       0.29416472533945015     
         188                 2565                  594                13224   7160.1254882812500        2104.6647949218750       0.29394244533374636     
         189                 2615                  623                13145   7160.1254882812500        2092.0915527343750       0.29218643669841193     
         190                 2569                  590                13224   7160.1254882812500        2104.6647949218750       0.29394244533374636     
         191                 2582                  590                13210   7160.1254882812500        2102.4367675781250       0.29363127378411402     
         192                 2606                  618                13158   7160.1254882812500        2094.1606445312500       0.29247541093500329     
         193                 2605                  596                13182   7160.1254882812500        2097.9804687500000       0.29300889658759444     
         194                 2528                  580                13274   7160.1254882812500        2112.6225585937500       0.29505384536226531     
         195                 2623                  596                13164   7160.1254882812500        2095.1157226562500       0.29260879939677864     
         196                 2629                  622                13131   7160.1254882812500        2089.8635253906250       0.29187526514877959     
         197                 2530                  581                13271   7160.1254882812500        2112.1452636718750       0.29498718522863265     
         198                 2544                  597                13241   7160.1254882812500        2107.3706054687500       0.29432034521152128     
         199                 2564                  587                13231   7160.1254882812500        2105.7790527343750       0.29409806520581749     
         200                 2562                  583                13237   7160.1254882812500        2106.7338867187500       0.29423141957033772     
         201                 2529                  583                13271   7160.1254882812500        2112.1452636718750       0.29498718522863265     
         202                 2604                  603                13176   7160.1254882812500        2097.0253906250000       0.29287550812581920     
         203                 2557                  606                13220   7160.1254882812500        2104.0283203125000       0.29385355378981781     
         204                 2531                  572                13279   7160.1254882812500        2113.4184570312500       0.29516500241374466     
         205                 2562                  583                13238   7160.1254882812500        2106.8930664062500       0.29425365098063361     
         206                 2516                  563                13303   7160.1254882812500        2117.2380371093750       0.29569845396908079     
         207                 2549                  588                13246   7160.1254882812500        2108.1662597656250       0.29443146816574561     
         208                 2573                  578                13232   7160.1254882812500        2105.9382324218750       0.29412029661611339     
         209                 2569                  594                13220   7160.1254882812500        2104.0283203125000       0.29385355378981781     
         210                 2590                  619                13173   7160.1254882812500        2096.5480957031250       0.29280884799218654     
         211                 2584                  593                13205   7160.1254882812500        2101.6408691406250       0.29352011673263467     
         212                 2558                  575                13249   7160.1254882812500        2108.6437988281250       0.29449816239663329     
         213                 2507                  584                13291   7160.1254882812500        2115.3283691406250       0.29543174524004023     
         214                 2534                  567                13282   7160.1254882812500        2113.8959960937500       0.29523169664463234     
         215                 2547                  590                13246   7160.1254882812500        2108.1662597656250       0.29443146816574561     
         216                 2619                  580                13184   7160.1254882812500        2098.2988281250000       0.29305335940818622     
         217                 2556                  578                13249   7160.1254882812500        2108.6437988281250       0.29449816239663329     
         218                 2522                  583                13278   7160.1254882812500        2113.2592773437500       0.29514277100344877     
         219                 2497                  582                13304   7160.1254882812500        2117.3972167968750       0.29572068537937668     
         220                 2502                  565                13316   7160.1254882812500        2119.3071289062500       0.29598742820567214     
         221                 2547                  610                13225   7160.1254882812500        2104.8239746093750       0.29396467674404225     
         222                 2513                  594                13275   7160.1254882812500        2112.7817382812500       0.29507607677256120     
         223                 2509                  570                13304   7160.1254882812500        2117.3972167968750       0.29572068537937668     
         224                 2513                  575                13295   7160.1254882812500        2115.9648437500000       0.29552063678396867     
         225                 2536                  563                13284   7160.1254882812500        2114.2141113281250       0.29527612536796910     
         226                 2524                  574                13285   7160.1254882812500        2114.3732910156250       0.29529835677826499     
         227                 2572                  594                13217   7160.1254882812500        2103.5507812500000       0.29378685955893014     
         228                 2553                  592                13237   7160.1254882812500        2106.7338867187500       0.29423141957033772     
         229                 2557                  596                13229   7160.1254882812500        2105.4606933593750       0.29405360238522571     
         230                 2557                  600                13226   7160.1254882812500        2104.9831542968750       0.29398690815433803     
         231                 2538                  574                13271   7160.1254882812500        2112.1452636718750       0.29498718522863265     
         232                 2593                  610                13179   7160.1254882812500        2097.5029296875000       0.29294220235670676     
         233                 2529                  607                13247   7160.1254882812500        2108.3254394531250       0.29445369957604151     
         234                 2516                  602                13264   7160.1254882812500        2111.0310058593750       0.29483156535656152     
         235                 2538                  587                13258   7160.1254882812500        2110.0761718750000       0.29469821099204119     
         236                 2556                  590                13237   7160.1254882812500        2106.7338867187500       0.29423141957033772     
         237                 2561                  563                13258   7160.1254882812500        2110.0761718750000       0.29469821099204119     
         238                 2531                  585                13266   7160.1254882812500        2111.3493652343750       0.29487602817715319     
         239                 2612                  610                13160   7160.1254882812500        2094.4790039062500       0.29251987375559507     
         240                 2560                  569                13254   7160.1254882812500        2109.4394531250000       0.29460928535085773     
         241                 2560                  600                13222   7160.1254882812500        2104.3466796875000       0.29389801661040960     
         242                 2510                  545                13328   7160.1254882812500        2121.2170410156250       0.29625417103196772     
         243                 2488                  588                13306   7160.1254882812500        2117.7155761718750       0.29576514819996835     
         244                 2585                  592                13205   7160.1254882812500        2101.6408691406250       0.29352011673263467     
         245                 2581                  602                13199   7160.1254882812500        2100.6860351562500       0.29338676236811434     
         246                 2563                  577                13242   7160.1254882812500        2107.5297851562500       0.29434257662181718     
         247                 2572                  574                13237   7160.1254882812500        2106.7338867187500       0.29423141957033772     
         248                 2555                  591                13236   7160.1254882812500        2106.5747070312500       0.29420918816004182     
         249                 2544                  584                13255   7160.1254882812500        2109.5986328125000       0.29463151676115362     
         250                 2537                  584                13261   7160.1254882812500        2110.5537109375000       0.29476490522292886     
         251                 2531                  607                13244   7160.1254882812500        2107.8479003906250       0.29438700534515394     
         252                 2597                  594                13191   7160.1254882812500        2099.4128417968750       0.29320894518300233     
         253                 2532                  574                13276   7160.1254882812500        2112.9409179687500       0.29509830818285698     
         254                 2611                  605                13167   7160.1254882812500        2095.5930175781250       0.29267545953041119     
         255                 2581                  621                13181   7160.1254882812500        2097.8212890625000       0.29298666517729854     
         256                 2523                  582                13277   7160.1254882812500        2113.1000976562500       0.29512053959315288     
         257                 2517                  583                13282   7160.1254882812500        2113.8959960937500       0.29523169664463234     
         258                 2521                  590                13272   7160.1254882812500        2112.3044433593750       0.29500941663892855     
         259                 2548                  563                13271   7160.1254882812500        2112.1452636718750       0.29498718522863265     
         260                 2536                  572                13275   7160.1254882812500        2112.7817382812500       0.29507607677256120     
         261                 2566                  549                13268   7160.1254882812500        2111.6677246093750       0.29492049099774498     
         262                 2508                  580                13294   7160.1254882812500        2115.8056640625000       0.29549840537367289     
         263                 2543                  615                13225   7160.1254882812500        2104.8239746093750       0.29396467674404225     
         264                 2540                  580                13262   7160.1254882812500        2110.7128906250000       0.29478713663322476     
         265                 2572                  588                13222   7160.1254882812500        2104.3466796875000       0.29389801661040960     
         266                 2566                  596                13221   7160.1254882812500        2104.1875000000000       0.29387578520011370     
         267                 2546                  608                13228   7160.1254882812500        2105.3015136718750       0.29403137097492982     
         268                 2559                  584                13240   7160.1254882812500        2107.2114257812500       0.29429811380122539     
         269                 2528                  589                13266   7160.1254882812500        2111.3493652343750       0.29487602817715319     
         270                 2538                  590                13255   7160.1254882812500        2109.5986328125000       0.29463151676115362     
         271                 2507                  579                13297   7160.1254882812500        2116.2832031250000       0.29556509960456046     
         272                 2547                  579                13256   7160.1254882812500        2109.7578125000000       0.29465374817144940     
         273                 2578                  589                13216   7160.1254882812500        2103.3916015625000       0.29376462814863435     
         274                 2588                  613                13182   7160.1254882812500        2097.9804687500000       0.29300889658759444     
         275                 2558                  591                13234   7160.1254882812500        2106.2563476562500       0.29416472533945015     
         276                 2556                  594                13232   7160.1254882812500        2105.9382324218750       0.29412029661611339     
         277                 2555                  581                13247   7160.1254882812500        2108.3254394531250       0.29445369957604151     
         278                 2497                  549                13337   7160.1254882812500        2122.6494140625000       0.29645421962737561     
         279                 2527                  573                13282   7160.1254882812500        2113.8959960937500       0.29523169664463234     
         280                 2596                  601                13185   7160.1254882812500        2098.4577636718750       0.29307555672122709     
         281                 2541                  592                13250   7160.1254882812500        2108.8029785156250       0.29452039380692918     
         282                 2586                  546                13251   7160.1254882812500        2108.9621582031250       0.29454262521722507     
         283                 2578                  600                13205   7160.1254882812500        2101.6408691406250       0.29352011673263467     
         284                 2585                  564                13234   7160.1254882812500        2106.2563476562500       0.29416472533945015     
         285                 2604                  577                13201   7160.1254882812500        2101.0043945312500       0.29343122518870612     
         286                 2610                  596                13176   7160.1254882812500        2097.0253906250000       0.29287550812581920     
         287                 2615                  593                13174   7160.1254882812500        2096.7072753906250       0.29283107940248243     
         288                 2585                  579                13219   7160.1254882812500        2103.8691406250000       0.29383132237952192     
         289                 2580                  608                13195   7160.1254882812500        2100.0493164062500       0.29329783672693088     
         290                 2632                  624                13127   7160.1254882812500        2089.2268066406250       0.29178633950759614     
         291                 2580                  626                13177   7160.1254882812500        2097.1845703125000       0.29289773953611498     
         292                 2608                  613                13162   7160.1254882812500        2094.7973632812500       0.29256433657618686     
         293                 2566                  605                13212   7160.1254882812500        2102.7551269531250       0.29367573660470581     
         294                 2587                  573                13223   7160.1254882812500        2104.5058593750000       0.29392024802070549     
         295                 2518                  603                13261   7160.1254882812500        2110.5537109375000       0.29476490522292886     
         296                 2626                  613                13143   7160.1254882812500        2091.7734375000000       0.29214200797507517     
         297                 2563                  601                13219   7160.1254882812500        2103.8691406250000       0.29383132237952192     
         298                 2543                  568                13271   7160.1254882812500        2112.1452636718750       0.29498718522863265     
         299                 2557                  556                13269   7160.1254882812500        2111.8269042968750       0.29494272240804087     
         300                 2601                  616                13166   7160.1254882812500        2095.4338378906250       0.29265322812011541     
         301                 2537                  568                13278   7160.1254882812500        2113.2592773437500       0.29514277100344877     
         302                 2537                  579                13267   7160.1254882812500        2111.5085449218750       0.29489825958744909     
         303                 2533                  595                13255   7160.1254882812500        2109.5986328125000       0.29463151676115362     
         304                 2584                  595                13203   7160.1254882812500        2101.3227539062500       0.29347568800929791     
         305                 2586                  597                13200   7160.1254882812500        2100.8452148437500       0.29340899377841023     
         306                 2609                  592                13181   7160.1254882812500        2097.8212890625000       0.29298666517729854     
         307                 2570                  607                13206   7160.1254882812500        2101.8000488281250       0.29354234814293056     
         308                 2521                  575                13287   7160.1254882812500        2114.6916503906250       0.29534281959885667     
         309                 2562                  573                13248   7160.1254882812500        2108.4846191406250       0.29447593098633740     
         310                 2557                  594                13231   7160.1254882812500        2105.7790527343750       0.29409806520581749     
         311                 2554                  594                13235   7160.1254882812500        2106.4155273437500       0.29418695674974604     
         312                 2536                  598                13249   7160.1254882812500        2108.6437988281250       0.29449816239663329     
         313                 2555                  610                13217   7160.1254882812500        2103.5507812500000       0.29378685955893014     
         314                 2587                  601                13195   7160.1254882812500        2100.0493164062500       0.29329783672693088     
         315                 2553                  581                13249   7160.1254882812500        2108.6437988281250       0.29449816239663329     
         316                 2544                  593                13245   7160.1254882812500        2108.0070800781250       0.29440923675544983     
         317                 2572                  597                13213   7160.1254882812500        2102.9143066406250       0.29369796801500170     
         318                 2592                  603                13187   7160.1254882812500        2098.7761230468750       0.29312001954181877     
         319                 2639                  587                13157   7160.1254882812500        2094.0014648437500       0.29245317952470740     
         320                 2562                  571                13249   7160.1254882812500        2108.6437988281250       0.29449816239663329     
         321                 2635                  618                13130   7160.1254882812500        2089.7043457031250       0.29185303373848370     
         322                 2612                  592                13178   7160.1254882812500        2097.3437500000000       0.29291997094641087     
         323                 2553                  596                13233   7160.1254882812500        2106.0974121093750       0.29414252802640928     
         324                 2518                  585                13279   7160.1254882812500        2113.4184570312500       0.29516500241374466     
         325                 2590                  587                13206   7160.1254882812500        2101.8000488281250       0.29354234814293056     
         326                 2595                  575                13212   7160.1254882812500        2102.7551269531250       0.29367573660470581     
         327                 2617                  589                13176   7160.1254882812500        2097.0253906250000       0.29287550812581920     
         328                 2600                  574                13208   7160.1254882812500        2102.1184082031250       0.29358681096352224     
         329                 2594                  597                13191   7160.1254882812500        2099.4128417968750       0.29320894518300233     
         330                 2546                  605                13232   7160.1254882812500        2105.9382324218750       0.29412029661611339     
         331                 2553                  577                13252   7160.1254882812500        2109.1213378906250       0.29456485662752097     
         332                 2549                  582                13251   7160.1254882812500        2108.9621582031250       0.29454262521722507     
         333                 2508                  581                13294   7160.1254882812500        2115.8056640625000       0.29549840537367289     
         334                 2558                  586                13239   7160.1254882812500        2107.0522460937500       0.29427588239092950     
         335                 2560                  632                13190   7160.1254882812500        2099.2536621093750       0.29318671377270644     
         336                 2557                  584                13242   7160.1254882812500        2107.5297851562500       0.29434257662181718     
         337                 2499                  584                13300   7160.1254882812500        2116.7607421875000       0.29563179383544813     
         338                 2555                  585                13242   7160.1254882812500        2107.5297851562500       0.29434257662181718     
         339                 2552                  576                13254   7160.1254882812500        2109.4394531250000       0.29460928535085773     
         340                 2540                  587                13256   7160.1254882812500        2109.7578125000000       0.29465374817144940     
         341                 2563                  577                13243   7160.1254882812500        2107.6889648437500       0.29436480803211307     
         342                 2511                  588                13284   7160.1254882812500        2114.2141113281250       0.29527612536796910     
         343                 2552                  600                13230   7160.1254882812500        2105.6198730468750       0.29407583379552160     
         344                 2535                  580                13268   7160.1254882812500        2111.6677246093750       0.29492049099774498     
         345                 2515                  548                13320   7160.1254882812500        2119.9438476562500       0.29607635384685571     
         346                 2571                  594                13217   7160.1254882812500        2103.5507812500000       0.29378685955893014     
         347                 2552                  586                13245   7160.1254882812500        2108.0070800781250       0.29440923675544983     
         348                 2567                  579                13236   7160.1254882812500        2106.5747070312500       0.29420918816004182     
         349                 2577                  594                13212   7160.1254882812500        2102.7551269531250       0.29367573660470581     
         350                 2590                  616                13177   7160.1254882812500        2097.1845703125000       0.29289773953611498     
         351                 2557                  601                13225   7160.1254882812500        2104.8239746093750       0.29396467674404225     
         352                 2576                  598                13209   7160.1254882812500        2102.2775878906250       0.29360904237381813     
         353                 2581                  596                13205   7160.1254882812500        2101.6408691406250       0.29352011673263467     
         354                 2575                  600                13208   7160.1254882812500        2102.1184082031250       0.29358681096352224     
         355                 2613                  624                13146   7160.1254882812500        2092.2507324218750       0.29220866810870783     
         356                 2608                  604                13170   7160.1254882812500        2096.0705566406250       0.29274215376129886     
         357                 2522                  575                13285   7160.1254882812500        2114.3732910156250       0.29529835677826499     
         358                 2529                  580                13273   7160.1254882812500        2112.4633789062500       0.29503161395196942     
         359                 2567                  614                13202   7160.1254882812500        2101.1635742187500       0.29345345659900202     
         360                 2533                  565                13284   7160.1254882812500        2114.2141113281250       0.29527612536796910     
         361                 2531                  561                13291   7160.1254882812500        2115.3283691406250       0.29543174524004023     
         362                 2539                  569                13274   7160.1254882812500        2112.6225585937500       0.29505384536226531     
         363                 2547                  584                13252   7160.1254882812500        2109.1213378906250       0.29456485662752097     
         364                 2596                  566                13220   7160.1254882812500        2104.0283203125000       0.29385355378981781     
         365                 2575                  595                13213   7160.1254882812500        2102.9143066406250       0.29369796801500170     
         366                 2562                  595                13226   7160.1254882812500        2104.9831542968750       0.29398690815433803     
         367                 2581                  575                13226   7160.1254882812500        2104.9831542968750       0.29398690815433803     
         368                 2598                  584                13200   7160.1254882812500        2100.8452148437500       0.29340899377841023     
         369                 2570                  583                13229   7160.1254882812500        2105.4606933593750       0.29405360238522571     
         370                 2559                  594                13229   7160.1254882812500        2105.4606933593750       0.29405360238522571     
         371                 2573                  584                13225   7160.1254882812500        2104.8239746093750       0.29396467674404225     
         372                 2561                  574                13248   7160.1254882812500        2108.4846191406250       0.29447593098633740     
         373                 2550                  558                13274   7160.1254882812500        2112.6225585937500       0.29505384536226531     
         374                 2547                  603                13232   7160.1254882812500        2105.9382324218750       0.29412029661611339     
         375                 2529                  572                13282   7160.1254882812500        2113.8959960937500       0.29523169664463234     
         376                 2597                  608                13177   7160.1254882812500        2097.1845703125000       0.29289773953611498     
         377                 2631                  611                13141   7160.1254882812500        2091.4550781250000       0.29209754515448338     
         378                 2597                  622                13164   7160.1254882812500        2095.1157226562500       0.29260879939677864     
         379                 2582                  602                13199   7160.1254882812500        2100.6860351562500       0.29338676236811434     
         380                 2558                  592                13232   7160.1254882812500        2105.9382324218750       0.29412029661611339     
         381                 2599                  598                13186   7160.1254882812500        2098.6169433593750       0.29309778813152298     
         382                 2557                  582                13243   7160.1254882812500        2107.6889648437500       0.29436480803211307     
         383                 2542                  590                13251   7160.1254882812500        2108.9621582031250       0.29454262521722507     
         384                 2573                  613                13197   7160.1254882812500        2100.3676757812500       0.29334229954752256     
         385                 2549                  560                13274   7160.1254882812500        2112.6225585937500       0.29505384536226531     
         386                 2589                  594                13200   7160.1254882812500        2100.8452148437500       0.29340899377841023     
         387                 2566                  580                13237   7160.1254882812500        2106.7338867187500       0.29423141957033772     
         388                 2557                  602                13224   7160.1254882812500        2104.6647949218750       0.29394244533374636     
         389                 2595                  571                13217   7160.1254882812500        2103.5507812500000       0.29378685955893014     
         390                 2570                  601                13212   7160.1254882812500        2102.7551269531250       0.29367573660470581     
         391                 2541                  580                13261   7160.1254882812500        2110.5537109375000       0.29476490522292886     
         392                 2525                  568                13289   7160.1254882812500        2115.0100097656250       0.29538728241944845     
         393                 2562                  579                13242   7160.1254882812500        2107.5297851562500       0.29434257662181718     
         394                 2557                  590                13236   7160.1254882812500        2106.5747070312500       0.29420918816004182     
         395                 2582                  604                13197   7160.1254882812500        2100.3676757812500       0.29334229954752256     
         396                 2600                  578                13204   7160.1254882812500        2101.4816894531250       0.29349788532233878     
         397                 2605                  589                13189   7160.1254882812500        2099.0944824218750       0.29316448236241055     
         398                 2599                  635                13149   7160.1254882812500        2092.7282714843750       0.29227536233959539     
         399                 2630                  617                13136   7160.1254882812500        2090.6591796875000       0.29198638810300404     
         400                 2595                  588                13200   7160.1254882812500        2100.8452148437500       0.29340899377841023     
         401                 2616                  586                13181   7160.1254882812500        2097.8212890625000       0.29298666517729854     
         402                 2628                  605                13150   7160.1254882812500        2092.8874511718750       0.29229759374989128     
         403                 2615                  572                13196   7160.1254882812500        2100.2084960937500       0.29332006813722677     
         404                 2556                  581                13246   7160.1254882812500        2108.1662597656250       0.29443146816574561     
         405                 2603                  613                13167   7160.1254882812500        2095.5930175781250       0.29267545953041119     
         406                 2589                  600                13193   7160.1254882812500        2099.7312011718750       0.29325340800359412     
         407                 2557                  589                13236   7160.1254882812500        2106.5747070312500       0.29420918816004182     
         408                 2549                  585                13248   7160.1254882812500        2108.4846191406250       0.29447593098633740     
         409                 2522                  564                13296   7160.1254882812500        2116.1240234375000       0.29554286819426456     
         410                 2546                  586                13250   7160.1254882812500        2108.8029785156250       0.29452039380692918     
         411                 2635                  592                13156   7160.1254882812500        2093.8422851562500       0.29243094811441162     
         412                 2572                  572                13238   7160.1254882812500        2106.8930664062500       0.29425365098063361     
         413                 2573                  572                13238   7160.1254882812500        2106.8930664062500       0.29425365098063361     
         414                 2595                  589                13199   7160.1254882812500        2100.6860351562500       0.29338676236811434     
         415                 2575                  611                13197   7160.1254882812500        2100.3676757812500       0.29334229954752256     
         416                 2467                  566                13350   7160.1254882812500        2124.7185058593750       0.29674319386396708     
         417                 2525                  589                13268   7160.1254882812500        2111.6677246093750       0.29492049099774498     
         418                 2569                  580                13234   7160.1254882812500        2106.2563476562500       0.29416472533945015     
         419                 2534                  610                13239   7160.1254882812500        2107.0522460937500       0.29427588239092950     
         420                 2562                  601                13220   7160.1254882812500        2104.0283203125000       0.29385355378981781     
         421                 2577                  597                13209   7160.1254882812500        2102.2775878906250       0.29360904237381813     
         422                 2509                  555                13319   7160.1254882812500        2119.7846679687500       0.29605412243655982     
         423                 2501                  579                13303   7160.1254882812500        2117.2380371093750       0.29569845396908079     
         424                 2522                  564                13297   7160.1254882812500        2116.2832031250000       0.29556509960456046     
         425                 2541                  593                13248   7160.1254882812500        2108.4846191406250       0.29447593098633740     
         426                 2556                  581                13246   7160.1254882812500        2108.1662597656250       0.29443146816574561     
         427                 2518                  574                13291   7160.1254882812500        2115.3283691406250       0.29543174524004023     
         428                 2511                  568                13304   7160.1254882812500        2117.3972167968750       0.29572068537937668     
         429                 2480                  585                13318   7160.1254882812500        2119.6254882812500       0.29603189102626393     
         430                 2526                  586                13270   7160.1254882812500        2111.9860839843750       0.29496495381833676     
         431                 2537                  578                13267   7160.1254882812500        2111.5085449218750       0.29489825958744909     
         432                 2527                  584                13272   7160.1254882812500        2112.3044433593750       0.29500941663892855     
         433                 2581                  617                13185   7160.1254882812500        2098.4577636718750       0.29307555672122709     
         434                 2549                  592                13242   7160.1254882812500        2107.5297851562500       0.29434257662181718     
         435                 2559                  578                13246   7160.1254882812500        2108.1662597656250       0.29443146816574561     
         436                 2605                  582                13196   7160.1254882812500        2100.2084960937500       0.29332006813722677     
         437                 2568                  604                13211   7160.1254882812500        2102.5959472656250       0.29365350519440991     
         438                 2541                  597                13245   7160.1254882812500        2108.0070800781250       0.29440923675544983     
         439                 2519                  589                13274   7160.1254882812500        2112.6225585937500       0.29505384536226531     
         440                 2518                  583                13282   7160.1254882812500        2113.8959960937500       0.29523169664463234     
         441                 2576                  606                13201   7160.1254882812500        2101.0043945312500       0.29343122518870612     
         442                 2514                  576                13292   7160.1254882812500        2115.4875488281250       0.29545397665033613     
         443                 2544                  581                13258   7160.1254882812500        2110.0761718750000       0.29469821099204119     
         444                 2565                  571                13247   7160.1254882812500        2108.3254394531250       0.29445369957604151     
         445                 2541                  595                13247   7160.1254882812500        2108.3254394531250       0.29445369957604151     
         446                 2502                  551                13329   7160.1254882812500        2121.3762207031250       0.29627640244226361     
         447                 2602                  592                13188   7160.1254882812500        2098.9353027343750       0.29314225095211466     
         448                 2636                  637                13110   7160.1254882812500        2086.5212402343750       0.29140847372707612     
         449                 2550                  566                13266   7160.1254882812500        2111.3493652343750       0.29487602817715319     
         450                 2577                  614                13191   7160.1254882812500        2099.4128417968750       0.29320894518300233     
         451                 2595                  605                13182   7160.1254882812500        2097.9804687500000       0.29300889658759444     
         452                 2606                  596                13181   7160.1254882812500        2097.8212890625000       0.29298666517729854     
         453                 2575                  603                13204   7160.1254882812500        2101.4816894531250       0.29349788532233878     
         454                 2586                  590                13207   7160.1254882812500        2101.9592285156250       0.29356457955322635     
         455                 2602                  601                13180   7160.1254882812500        2097.6621093750000       0.29296443376700265     
         456                 2513                  549                13320   7160.1254882812500        2119.9438476562500       0.29607635384685571     
         457                 2572                  568                13243   7160.1254882812500        2107.6889648437500       0.29436480803211307     
         458                 2540                  593                13250   7160.1254882812500        2108.8029785156250       0.29452039380692918     
         459                 2568                  569                13245   7160.1254882812500        2108.0070800781250       0.29440923675544983     
         460                 2569                  612                13201   7160.1254882812500        2101.0043945312500       0.29343122518870612     
         461                 2549                  588                13245   7160.1254882812500        2108.0070800781250       0.29440923675544983     
         462                 2551                  581                13251   7160.1254882812500        2108.9621582031250       0.29454262521722507     
         463                 2572                  579                13232   7160.1254882812500        2105.9382324218750       0.29412029661611339     
         464                 2571                  565                13246   7160.1254882812500        2108.1662597656250       0.29443146816574561     
         465                 2588                  603                13192   7160.1254882812500        2099.5720214843750       0.29323117659329823     
         466                 2612                  628                13142   7160.1254882812500        2091.6142578125000       0.29211977656477928     
         467                 2588                  611                13184   7160.1254882812500        2098.2988281250000       0.29305335940818622     
         468                 2555                  574                13254   7160.1254882812500        2109.4394531250000       0.29460928535085773     
         469                 2560                  576                13247   7160.1254882812500        2108.3254394531250       0.29445369957604151     
         470                 2628                  604                13151   7160.1254882812500        2093.0466308593750       0.29231982516018717     
         471                 2572                  590                13220   7160.1254882812500        2104.0283203125000       0.29385355378981781     
         472                 2583                  601                13198   7160.1254882812500        2100.5268554687500       0.29336453095781845     
         473                 2622                  612                13148   7160.1254882812500        2092.5690917968750       0.29225313092929950     
         474                 2591                  614                13178   7160.1254882812500        2097.3437500000000       0.29291997094641087     
         475                 2614                  635                13134   7160.1254882812500        2090.3410644531250       0.29194195937966727     
         476                 2636                  578                13169   7160.1254882812500        2095.9113769531250       0.29271992235100297     
         477                 2590                  587                13205   7160.1254882812500        2101.6408691406250       0.29352011673263467     
         478                 2606                  593                13183   7160.1254882812500        2098.1396484375000       0.29303112799789033     
         479                 2584                  588                13211   7160.1254882812500        2102.5959472656250       0.29365350519440991     
         480                 2520                  575                13287   7160.1254882812500        2114.6916503906250       0.29534281959885667     
         481                 2559                  580                13244   7160.1254882812500        2107.8479003906250       0.29438700534515394     
         482                 2623                  598                13162   7160.1254882812500        2094.7973632812500       0.29256433657618686     
         483                 2527                  592                13264   7160.1254882812500        2111.0310058593750       0.29483156535656152     
         484                 2542                  589                13252   7160.1254882812500        2109.1213378906250       0.29456485662752097     
         485                 2573                  616                13194   7160.1254882812500        2099.8903808593750       0.29327563941389001     
         486                 2527                  584                13271   7160.1254882812500        2112.1452636718750       0.29498718522863265     
         487                 2548                  595                13239   7160.1254882812500        2107.0522460937500       0.29427588239092950     
         488                 2571                  558                13254   7160.1254882812500        2109.4394531250000       0.29460928535085773     
         489                 2603                  606                13174   7160.1254882812500        2096.7072753906250       0.29283107940248243     
         490                 2604                  597                13181   7160.1254882812500        2097.8212890625000       0.29298666517729854     
         491                 2552                  577                13253   7160.1254882812500        2109.2805175781250       0.29458708803781686     
         492                 2575                  597                13211   7160.1254882812500        2102.5959472656250       0.29365350519440991     
         493                 2605                  598                13180   7160.1254882812500        2097.6621093750000       0.29296443376700265     
         494                 2567                  595                13221   7160.1254882812500        2104.1875000000000       0.29387578520011370     
         495                 2554                  613                13215   7160.1254882812500        2103.2324218750000       0.29374239673833846     
         496                 2540                  572                13270   7160.1254882812500        2111.9860839843750       0.29496495381833676     
         497                 2563                  572                13247   7160.1254882812500        2108.3254394531250       0.29445369957604151     
         498                 2585                  594                13203   7160.1254882812500        2101.3227539062500       0.29347568800929791     
         499                 2549                  594                13240   7160.1254882812500        2107.2114257812500       0.29429811380122539     
         500                 2562                  589                13231   7160.1254882812500        2105.7790527343750       0.29409806520581749     
