Temperatura MagneticField Magnetization Magnetization2
0.5 0.002475 0.004932656 3.969442e-05
0.5 0.00495 0.009895229 0.0001131411
0.5 0.007425 0.01489209 0.0002370182
0.5 0.0099 0.01980844 0.0004075123
0.5 0.012375 0.02474649 0.000627805
0.5 0.01485 0.02970186 0.0008974537
0.5 0.017325 0.03465841 0.00121644
0.5 0.0198 0.03957566 0.001581524
0.5 0.022275 0.04451272 0.001996601
0.5 0.02475 0.04945817 0.002461437
0.5 0.027225 0.05438852 0.00297342
0.5 0.0297 0.0593312 0.003535405
0.5 0.032175 0.06427462 0.004146586
0.5 0.03465 0.06921846 0.004806455
0.5 0.037125 0.07410832 0.005507264
0.5 0.0396 0.07903253 0.006261288
0.5 0.042075 0.08395809 0.007064241
0.5 0.04455 0.0888608 0.007911374
0.5 0.047025 0.09377317 0.008808662
0.5 0.0495 0.09868503 0.009753825
0.5 0.051975 0.1035697 0.01074179
0.5 0.05445 0.1084746 0.01178171
0.5 0.056925 0.113367 0.0128671
0.5 0.0594 0.1182474 0.01399759
0.5 0.061875 0.1231229 0.01517444
0.5 0.06435 0.1279928 0.0163972
0.5 0.066825 0.1328611 0.01766706
0.5 0.0693 0.1377184 0.01898141
0.5 0.071775 0.1425679 0.02034073
0.5 0.07425 0.1474233 0.02174855
0.5 0.076725 0.1522715 0.02320143
0.5 0.0792 0.1570718 0.02468652
0.5 0.081675 0.1619238 0.02623418
0.5 0.08415 0.1667218 0.02781092
0.5 0.086625 0.1715305 0.02943756
0.5 0.0891 0.1763463 0.0311128
0.5 0.091575 0.1811508 0.03283037
0.5 0.09405 0.1859251 0.03458278
0.5 0.096525 0.1906532 0.03636339
0.5 0.099 0.1954329 0.03820878
0.5 0.102475 0.2021403 0.04087537
0.5 0.10495 0.206888 0.04281729
0.5 0.107425 0.2116034 0.04479053
0.5 0.1099 0.2163231 0.04681026
0.5 0.112375 0.2210292 0.04886825
0.5 0.11485 0.2257515 0.05097818
0.5 0.117325 0.2304238 0.05310954
0.5 0.1198 0.2351121 0.055292
0.5 0.122275 0.2397815 0.05750958
0.5 0.12475 0.2444537 0.05977188
0.5 0.127225 0.2491002 0.06206526
0.5 0.1297 0.2537286 0.06439244
0.5 0.132175 0.2583665 0.06676765
0.5 0.13465 0.2629768 0.06917103
0.5 0.137125 0.2675498 0.07159707
0.5 0.1396 0.2721805 0.07409632
0.5 0.142075 0.2767664 0.0766138
0.5 0.14455 0.2813264 0.07915861
0.5 0.147025 0.2858332 0.08171457
0.5 0.1495 0.2903971 0.08434439
0.5 0.151975 0.2948949 0.08697699
0.5 0.15445 0.2994269 0.08967034
0.5 0.156925 0.3038929 0.09236487
0.5 0.1594 0.3084082 0.09512935
0.5 0.161875 0.3129085 0.09792554
0.5 0.16435 0.3173514 0.1007257
0.5 0.166825 0.321791 0.1035632
0.5 0.1693 0.3262133 0.1064287
0.5 0.171775 0.3306495 0.1093427
0.5 0.17425 0.3350556 0.1122759
0.5 0.176725 0.3394405 0.1152333
0.5 0.1792 0.3437902 0.118205
0.5 0.181675 0.3481773 0.1212408
0.5 0.18415 0.3525136 0.1242793
0.5 0.186625 0.3568303 0.1273411
0.5 0.1891 0.3611561 0.130447
0.5 0.191575 0.3654558 0.1335711
0.5 0.19405 0.3697307 0.1367139
0.5 0.196525 0.3740009 0.1398898
0.5 0.199 0.3782451 0.1430824
0.7 0.002475 0.003524454 2.76497e-05
0.7 0.00495 0.007068392 6.51281e-05
0.7 0.007425 0.0106269 0.0001282042
0.7 0.0099 0.01416351 0.0002158297
0.7 0.012375 0.01766529 0.0003271999
0.7 0.01485 0.0211812 0.0004639274
0.7 0.017325 0.02474486 0.0006275417
0.7 0.0198 0.02827985 0.0008149672
0.7 0.022275 0.03183523 0.001028786
0.7 0.02475 0.03533806 0.00126405
0.7 0.027225 0.03890588 0.001528817
0.7 0.0297 0.04241862 0.001814619
0.7 0.032175 0.04592367 0.002124109
0.7 0.03465 0.04946143 0.002461636
0.7 0.037125 0.05295915 0.002819803
0.7 0.0396 0.05649848 0.00320734
0.7 0.042075 0.06002078 0.003617663
0.7 0.04455 0.06355738 0.004054833
0.7 0.047025 0.0670851 0.004515535
0.7 0.0495 0.07060467 0.005000237
0.7 0.051975 0.07412463 0.005509517
0.7 0.05445 0.07760739 0.006038159
0.7 0.056925 0.08111243 0.006594525
0.7 0.0594 0.08461779 0.007175232
0.7 0.061875 0.08815416 0.007786417
0.7 0.06435 0.09166138 0.00841674
0.7 0.066825 0.09518626 0.00907555
0.7 0.0693 0.09866896 0.00975067
0.7 0.071775 0.1021656 0.01045292
0.7 0.07425 0.1056763 0.01118257
0.7 0.076725 0.1091676 0.01193264
0.7 0.0792 0.1126621 0.01270781
0.7 0.081675 0.1161555 0.01350719
0.7 0.08415 0.1196339 0.01432728
0.7 0.086625 0.1231358 0.01517749
0.7 0.0891 0.1265909 0.01604015
0.7 0.091575 0.1300646 0.01693182
0.7 0.09405 0.1335628 0.01785403
0.7 0.096525 0.1370405 0.01879506
0.7 0.099 0.1404978 0.0197545
0.7 0.102475 0.1453326 0.0211365
0.7 0.10495 0.1488223 0.022163
0.7 0.107425 0.1522837 0.02320527
0.7 0.1099 0.1557153 0.02426199
0.7 0.112375 0.1591475 0.02534277
0.7 0.11485 0.1626222 0.02646083
0.7 0.117325 0.1660757 0.02759591
0.7 0.1198 0.169513 0.02874946
0.7 0.122275 0.1728963 0.02990784
0.7 0.12475 0.1763595 0.0311174
0.7 0.127225 0.1797674 0.03233125
0.7 0.1297 0.1832076 0.03357974
0.7 0.132175 0.1866142 0.03483967
0.7 0.13465 0.1900385 0.03612942
0.7 0.137125 0.1934317 0.03743061
0.7 0.1396 0.1968201 0.03875285
0.7 0.142075 0.2002097 0.04009862
0.7 0.14455 0.2036041 0.04146934
0.7 0.147025 0.2069841 0.04285685
0.7 0.1495 0.2103987 0.04428215
0.7 0.151975 0.2137686 0.04571153
0.7 0.15445 0.2171165 0.0471541
0.7 0.156925 0.2204642 0.048619
0.7 0.1594 0.2238609 0.05012814
0.7 0.161875 0.2272224 0.05164443
0.7 0.16435 0.2305737 0.05317866
0.7 0.166825 0.2339187 0.05473247
0.7 0.1693 0.2372299 0.05629248
0.7 0.171775 0.2405917 0.05789871
0.7 0.17425 0.243913 0.05950789
0.7 0.176725 0.2472348 0.0611394
0.7 0.1792 0.2505689 0.06279904
0.7 0.181675 0.2538344 0.06444621
0.7 0.18415 0.2571621 0.06614662
0.7 0.186625 0.2604631 0.06785525
0.7 0.1891 0.2637697 0.06958863
0.7 0.191575 0.2670421 0.07132562
0.7 0.19405 0.2703106 0.07308196
0.7 0.196525 0.2735987 0.07487035
0.7 0.199 0.2768601 0.07666566
0.6 0.002475 0.004127624 3.235438e-05
0.6 0.00495 0.008267584 8.358612e-05
0.6 0.007425 0.0123794 0.000168559
0.6 0.0099 0.01650292 0.0002874456
0.6 0.012375 0.0205995 0.0004396031
0.6 0.01485 0.02477252 0.0006289351
0.6 0.017325 0.0288879 0.0008496952
0.6 0.0198 0.03299064 0.00110362
0.6 0.022275 0.03710188 0.001391858
0.6 0.02475 0.04122892 0.001714859
0.6 0.027225 0.04535697 0.002072448
0.6 0.0297 0.04948878 0.002464264
0.6 0.032175 0.05356395 0.002884296
0.6 0.03465 0.05766153 0.003340119
0.6 0.037125 0.06183086 0.003838205
0.6 0.0396 0.06590312 0.004358539
0.6 0.042075 0.07001094 0.004916852
0.6 0.04455 0.07413776 0.005511572
0.6 0.047025 0.07820173 0.006130669
0.6 0.0495 0.08232679 0.00679289
0.6 0.051975 0.08640061 0.007480168
0.6 0.05445 0.09049957 0.008205405
0.6 0.056925 0.09460449 0.008965145
0.6 0.0594 0.09868724 0.009754277
0.6 0.061875 0.1027725 0.01057719
0.6 0.06435 0.1068299 0.01142771
0.6 0.066825 0.110885 0.01231055
0.6 0.0693 0.1150003 0.01324005
0.6 0.071775 0.1190489 0.01418747
0.6 0.07425 0.1231403 0.01517849
0.6 0.076725 0.1271917 0.01619273
0.6 0.0792 0.1312284 0.01723593
0.6 0.081675 0.1352857 0.01831736
0.6 0.08415 0.139316 0.01942389
0.6 0.086625 0.1433897 0.02057559
0.6 0.0891 0.1474407 0.02175377
0.6 0.091575 0.1514408 0.02294926
0.6 0.09405 0.1554841 0.02419018
0.6 0.096525 0.1595058 0.02545698
0.6 0.099 0.1635028 0.02674812
0.6 0.102475 0.1691734 0.0286344
0.6 0.10495 0.1731584 0.02999848
0.6 0.107425 0.1771429 0.03139438
0.6 0.1099 0.1811494 0.03282984
0.6 0.112375 0.1851322 0.03428858
0.6 0.11485 0.1891174 0.03578007
0.6 0.117325 0.1931184 0.03730945
0.6 0.1198 0.1970537 0.03884483
0.6 0.122275 0.2010187 0.04042312
0.6 0.12475 0.2049572 0.04202209
0.6 0.127225 0.2089178 0.04366119
0.6 0.1297 0.2128485 0.045319
0.6 0.132175 0.2167797 0.04700789
0.6 0.13465 0.2207129 0.04872879
0.6 0.137125 0.2246442 0.05047965
0.6 0.1396 0.2285556 0.05225207
0.6 0.142075 0.232471 0.05405714
0.6 0.14455 0.2363799 0.05588988
0.6 0.147025 0.2402661 0.05774213
0.6 0.1495 0.244121 0.05960935
0.6 0.151975 0.2480132 0.06152472
0.6 0.15445 0.251867 0.06345116
0.6 0.156925 0.2557321 0.06541327
0.6 0.1594 0.259561 0.06738617
0.6 0.161875 0.2634292 0.06940919
0.6 0.16435 0.2672604 0.07144224
0.6 0.166825 0.2711252 0.07352296
0.6 0.1693 0.2748996 0.07558383
0.6 0.171775 0.2787197 0.07769873
0.6 0.17425 0.2825419 0.07984401
0.6 0.176725 0.2863028 0.08198327
0.6 0.1792 0.2900918 0.0841673
0.6 0.181675 0.293863 0.08636935
0.6 0.18415 0.2976216 0.08859258
0.6 0.186625 0.3013947 0.09085267
0.6 0.1891 0.3051204 0.09311217
0.6 0.191575 0.3088835 0.0954228
0.6 0.19405 0.3125541 0.09770385
0.6 0.196525 0.3163033 0.1000615
0.6 0.199 0.3200211 0.1024271
0.4 0.002475 0.006165627 5.326131e-05
0.4 0.00495 0.01236594 0.0001681695
0.4 0.007425 0.01855681 0.0003596172
0.4 0.0099 0.02473069 0.0006269121
0.4 0.012375 0.03093043 0.0009720124
0.4 0.01485 0.03711864 0.001392895
0.4 0.017325 0.04328636 0.001889127
0.4 0.0198 0.04946162 0.002461524
0.4 0.022275 0.05561956 0.003108734
0.4 0.02475 0.06179245 0.003833565
0.4 0.027225 0.06797222 0.004635609
0.4 0.0297 0.07413518 0.00551129
0.4 0.032175 0.08025503 0.006456047
0.4 0.03465 0.08640642 0.007481191
0.4 0.037125 0.09252218 0.008575496
0.4 0.0396 0.09869889 0.009756585
0.4 0.042075 0.1048143 0.01100118
0.4 0.04455 0.1109186 0.01231803
0.4 0.047025 0.1170475 0.01371512
0.4 0.0495 0.1231118 0.01517168
0.4 0.051975 0.1292043 0.0167087
0.4 0.05445 0.1352814 0.01831614
0.4 0.056925 0.1413696 0.0200003
0.4 0.0594 0.1474207 0.02174775
0.4 0.061875 0.15345 0.02356186
0.4 0.06435 0.1595032 0.02545615
0.4 0.066825 0.1655291 0.02741472
0.4 0.0693 0.1715447 0.02944244
0.4 0.071775 0.1775484 0.03153833
0.4 0.07425 0.1835165 0.03369299
0.4 0.076725 0.1894873 0.03592012
0.4 0.0792 0.1954582 0.03821855
0.4 0.081675 0.2014236 0.04058622
0.4 0.08415 0.2073079 0.04299118
0.4 0.086625 0.2132562 0.04549275
0.4 0.0891 0.2191608 0.04804588
0.4 0.091575 0.2250298 0.05065296
0.4 0.09405 0.2308741 0.0533172
0.4 0.096525 0.2367287 0.05605487
0.4 0.099 0.2425689 0.05885397
0.4 0.102475 0.2507043 0.06286681
0.4 0.10495 0.256515 0.06581417
0.4 0.107425 0.2623172 0.06882454
0.4 0.1099 0.2680547 0.07186755
0.4 0.112375 0.2737719 0.07496515
0.4 0.11485 0.2794905 0.07812907
0.4 0.117325 0.2851746 0.08133852
0.4 0.1198 0.2908838 0.0846273
0.4 0.122275 0.2965291 0.08794345
0.4 0.12475 0.3021626 0.09131609
0.4 0.127225 0.3077654 0.09473329
0.4 0.1297 0.3133485 0.09820115
0.4 0.132175 0.31892 0.1017235
0.4 0.13465 0.3244854 0.1053044
0.4 0.137125 0.3299866 0.1089048
0.4 0.1396 0.3354988 0.1125729
0.4 0.142075 0.3409568 0.1162651
0.4 0.14455 0.3464452 0.1200376
0.4 0.147025 0.351847 0.1238096
0.4 0.1495 0.3572994 0.1276761
0.4 0.151975 0.3626339 0.1315165
0.4 0.15445 0.36802 0.135452
0.4 0.156925 0.3733386 0.1393948
0.4 0.1594 0.3786429 0.1433835
0.4 0.161875 0.3839481 0.1474292
0.4 0.16435 0.3892196 0.1515048
0.4 0.166825 0.3944405 0.1555962
0.4 0.1693 0.3996393 0.1597244
0.4 0.171775 0.4048501 0.1639163
0.4 0.17425 0.4100212 0.1681302
0.4 0.176725 0.4151517 0.1723635
0.4 0.1792 0.4202695 0.1766389
0.4 0.181675 0.4253275 0.1809159
0.4 0.18415 0.4304073 0.1852628
0.4 0.186625 0.4354264 0.1896085
0.4 0.1891 0.440399 0.1939637
0.4 0.191575 0.4453941 0.1983882
0.4 0.19405 0.4503312 0.2028103
0.4 0.196525 0.455264 0.2072774
0.4 0.199 0.4601735 0.2117718
0.3 0.002475 0.008243411 8.321322e-05
0.3 0.00495 0.01650163 0.0002875746
0.3 0.007425 0.02475808 0.0006281
0.3 0.0099 0.03296449 0.001101958
0.3 0.012375 0.04120848 0.001713382
0.3 0.01485 0.04946 0.002461536
0.3 0.017325 0.05773298 0.003348369
0.3 0.0198 0.06591482 0.004360053
0.3 0.022275 0.07411931 0.005508945
0.3 0.02475 0.08230843 0.006789864
0.3 0.027225 0.09052749 0.008210304
0.3 0.0297 0.09868174 0.009753157
0.3 0.032175 0.1068376 0.01142929
0.3 0.03465 0.1149997 0.01323994
0.3 0.037125 0.1231058 0.01517007
0.3 0.0396 0.1312405 0.01723901
0.3 0.042075 0.1393498 0.0194334
0.3 0.04455 0.147413 0.02174555
0.3 0.047025 0.1554848 0.02419035
0.3 0.0495 0.1635231 0.02675464
0.3 0.051975 0.1715508 0.02944439
0.3 0.05445 0.1795207 0.03224246
0.3 0.056925 0.1875128 0.03517586
0.3 0.0594 0.1954336 0.038209
0.3 0.061875 0.2033656 0.04137224
0.3 0.06435 0.2112574 0.04464428
0.3 0.066825 0.219108 0.04802284
0.3 0.0693 0.2269918 0.05153975
0.3 0.071775 0.2347918 0.05514157
0.3 0.07425 0.2425527 0.05884618
0.3 0.076725 0.2503196 0.06267422
0.3 0.0792 0.2580513 0.06660476
0.3 0.081675 0.2657276 0.0706254
0.3 0.08415 0.2733648 0.07474246
0.3 0.086625 0.2809882 0.07896849
0.3 0.0891 0.2885652 0.08328397
0.3 0.091575 0.2961157 0.08769844
0.3 0.09405 0.3036297 0.09220496
0.3 0.096525 0.3111042 0.0967996
0.3 0.099 0.3184873 0.1014479
0.3 0.102475 0.3288726 0.1081708
0.3 0.10495 0.336217 0.1130554
0.3 0.107425 0.343508 0.1180112
0.3 0.1099 0.3507609 0.1230464
0.3 0.112375 0.3579995 0.128177
0.3 0.11485 0.3651637 0.1333578
0.3 0.117325 0.3722824 0.1386072
0.3 0.1198 0.3793654 0.1439312
0.3 0.122275 0.3864065 0.149323
0.3 0.12475 0.393409 0.1547837
0.3 0.127225 0.400362 0.1603026
0.3 0.1297 0.4072623 0.1658753
0.3 0.132175 0.414131 0.1715172
0.3 0.13465 0.420934 0.1771979
0.3 0.137125 0.4277153 0.1829528
0.3 0.1396 0.4344187 0.1887319
0.3 0.142075 0.4411113 0.1945914
0.3 0.14455 0.4477003 0.2004477
0.3 0.147025 0.4543033 0.2064036
0.3 0.1495 0.4608215 0.2123684
0.3 0.151975 0.4672889 0.2183708
0.3 0.15445 0.4737187 0.2244212
0.3 0.156925 0.4800524 0.230462
0.3 0.1594 0.4864291 0.236625
0.3 0.161875 0.4926888 0.2427538
0.3 0.16435 0.4988799 0.2488926
0.3 0.166825 0.5050798 0.2551169
0.3 0.1693 0.5112011 0.2613378
0.3 0.171775 0.5172398 0.2675482
0.3 0.17425 0.5232654 0.2738179
0.3 0.176725 0.5292176 0.2800823
0.3 0.1792 0.5351588 0.2864059
0.3 0.181675 0.5410115 0.2927043
0.3 0.18415 0.5468168 0.2990193
0.3 0.186625 0.5525857 0.3053615
0.3 0.1891 0.5582738 0.3116801
0.3 0.191575 0.5639209 0.3180172
0.3 0.19405 0.5695245 0.3243685
0.3 0.196525 0.5750499 0.3306926
0.3 0.199 0.5805749 0.3370774
0.1 0.002475 0.02475489 0.0006280163
0.1 0.00495 0.04949453 0.002464993
0.1 0.007425 0.07410978 0.005507398
0.1 0.0099 0.09865728 0.009748323
0.1 0.012375 0.1231304 0.01517626
0.1 0.01485 0.1474145 0.02174592
0.1 0.017325 0.1715672 0.02945021
0.1 0.0198 0.1954372 0.03821027
0.1 0.022275 0.2191581 0.04804489
0.1 0.02475 0.2425805 0.05885961
0.1 0.027225 0.2657285 0.07062578
0.1 0.0297 0.288547 0.08327337
0.1 0.032175 0.3110854 0.09678786
0.1 0.03465 0.3332547 0.1110721
0.1 0.037125 0.3551142 0.1261194
0.1 0.0396 0.3765023 0.1417671
0.1 0.042075 0.3975555 0.1580631
0.1 0.04455 0.4181896 0.174895
0.1 0.047025 0.43839 0.1921981
0.1 0.0495 0.4581794 0.2099405
0.1 0.051975 0.4775095 0.2280271
0.1 0.05445 0.4964038 0.2464284
0.1 0.056925 0.5148186 0.2650495
0.1 0.0594 0.5327519 0.2838355
0.1 0.061875 0.5502408 0.3027755
0.1 0.06435 0.5672731 0.3218091
0.1 0.066825 0.5838352 0.3408737
0.1 0.0693 0.5999033 0.3598937
0.1 0.071775 0.6155159 0.3788693
0.1 0.07425 0.6306454 0.3977229
0.1 0.076725 0.6453337 0.4164645
0.1 0.0792 0.6595365 0.4349971
0.1 0.081675 0.6732742 0.4533065
0.1 0.08415 0.6866215 0.471457
0.1 0.086625 0.6994703 0.4892664
0.1 0.0891 0.7118769 0.5067762
0.1 0.091575 0.7238633 0.5239854
0.1 0.09405 0.7354516 0.540896
0.1 0.096525 0.746618 0.5574451
0.1 0.099 0.7573689 0.5736141
0.1 0.102475 0.7717914 0.5956681
0.1 0.10495 0.7816168 0.6109308
0.1 0.107425 0.7910667 0.6257922
0.1 0.1099 0.8001517 0.6402482
0.1 0.112375 0.8088706 0.6542769
0.1 0.11485 0.8172577 0.6679152
0.1 0.117325 0.8253114 0.6811438
0.1 0.1198 0.8330303 0.6939442
0.1 0.122275 0.8404598 0.7063772
0.1 0.12475 0.8475816 0.718399
0.1 0.127225 0.8543852 0.7299782
0.1 0.1297 0.86096 0.741256
0.1 0.132175 0.8672125 0.7520613
0.1 0.13465 0.8732341 0.7625415
0.1 0.137125 0.8789834 0.7726153
0.1 0.1396 0.8844852 0.7823174
0.1 0.142075 0.8897373 0.7916357
0.1 0.14455 0.8947959 0.8006627
0.1 0.147025 0.8996253 0.8093287
0.1 0.1495 0.9042397 0.8176522
0.1 0.151975 0.9086564 0.8256591
0.1 0.15445 0.9128711 0.8333361
0.1 0.156925 0.9169016 0.840711
0.1 0.1594 0.9207705 0.8478207
0.1 0.161875 0.9244465 0.8546036
0.1 0.16435 0.927959 0.86111
0.1 0.166825 0.9313282 0.8673743
0.1 0.1693 0.9345151 0.8733204
0.1 0.171775 0.9375867 0.8790707
0.1 0.17425 0.9405215 0.8845824
0.1 0.176725 0.9433052 0.8898264
0.1 0.1792 0.9459762 0.8948726
0.1 0.181675 0.9485184 0.8996887
0.1 0.18415 0.950933 0.904275
0.1 0.186625 0.9532454 0.9086782
0.1 0.1891 0.9554523 0.9128905
0.1 0.191575 0.9575643 0.9169307
0.1 0.19405 0.9595794 0.9207938
0.1 0.196525 0.9614826 0.92445
0.1 0.199 0.9633112 0.9279696
0.08 0.002475 0.03091038 0.0009707034
0.08 0.00495 0.06178111 0.003832121
0.08 0.007425 0.09254212 0.00857919
0.08 0.0099 0.1231193 0.01517358
0.08 0.012375 0.1534686 0.02356748
0.08 0.01485 0.1835206 0.03369451
0.08 0.017325 0.2132256 0.0454797
0.08 0.0198 0.2425959 0.05886718
0.08 0.022275 0.2714609 0.07370517
0.08 0.02475 0.2998459 0.0899215
0.08 0.027225 0.3277725 0.1074485
0.08 0.0297 0.3550934 0.1261046
0.08 0.032175 0.3818058 0.1457887
0.08 0.03465 0.4079448 0.1664316
0.08 0.037125 0.4333791 0.1878299
0.08 0.0396 0.4581675 0.2099295
0.08 0.042075 0.4822723 0.2325984
0.08 0.04455 0.5056232 0.2556661
0.08 0.047025 0.5283165 0.2791293
0.08 0.0495 0.5502785 0.302817
0.08 0.051975 0.5714383 0.326552
0.08 0.05445 0.5919297 0.3503906
0.08 0.056925 0.6116612 0.374139
0.08 0.0594 0.6306512 0.3977301
0.08 0.061875 0.64892 0.4211059
0.08 0.06435 0.6664734 0.4441952
0.08 0.066825 0.6833074 0.4669171
0.08 0.0693 0.6994653 0.4892595
0.08 0.071775 0.7149343 0.5111386
0.08 0.07425 0.7297411 0.5325293
0.08 0.076725 0.7438672 0.5533453
0.08 0.0792 0.7573665 0.5736106
0.08 0.081675 0.7702617 0.5933093
0.08 0.08415 0.782526 0.6123529
0.08 0.086625 0.7942458 0.6308321
0.08 0.0891 0.8053837 0.6486483
0.08 0.091575 0.8159826 0.6658328
0.08 0.09405 0.8260691 0.6823951
0.08 0.096525 0.8356437 0.6983051
0.08 0.099 0.8447385 0.7135875
0.08 0.102475 0.8567293 0.7339892
0.08 0.10495 0.8647482 0.7477933
0.08 0.107425 0.8723507 0.7609993
0.08 0.1099 0.8795486 0.7736091
0.08 0.112375 0.8863669 0.7856496
0.08 0.11485 0.8927989 0.797093
0.08 0.117325 0.8989223 0.8080642
0.08 0.1198 0.904692 0.8184705
0.08 0.122275 0.9101697 0.8284115
0.08 0.12475 0.9153223 0.8378174
0.08 0.127225 0.9201956 0.8467623
0.08 0.1297 0.9247962 0.8552502
0.08 0.132175 0.9291613 0.8633428
0.08 0.13465 0.9332551 0.870967
0.08 0.137125 0.9371528 0.8782572
0.08 0.1396 0.9408059 0.8851175
0.08 0.142075 0.9442572 0.8916233
0.08 0.14455 0.9475065 0.8977701
0.08 0.147025 0.9505798 0.9036033
0.08 0.1495 0.9534673 0.9091013
0.08 0.151975 0.9562072 0.9143336
0.08 0.15445 0.9587822 0.9192645
0.08 0.156925 0.9612048 0.9239158
0.08 0.1594 0.9634954 0.9283244
0.08 0.161875 0.9656448 0.932471
0.08 0.16435 0.9676742 0.9363944
0.08 0.166825 0.9695864 0.9400987
0.08 0.1693 0.9713769 0.943574
0.08 0.171775 0.9730747 0.9468753
0.08 0.17425 0.9746713 0.9499848
0.08 0.176725 0.9761757 0.9529197
0.08 0.1792 0.9775889 0.9556808
0.08 0.181675 0.97892 0.9582851
0.08 0.18415 0.9801676 0.9607291
0.08 0.186625 0.981347 0.9630424
0.08 0.1891 0.9824539 0.9652162
0.08 0.191575 0.983498 0.9672687
0.08 0.19405 0.9844865 0.9692142
0.08 0.196525 0.985408 0.9710295
0.08 0.199 0.9862742 0.9727371
0.06 0.002475 0.04120321 0.00171299
0.06 0.00495 0.08229739 0.006788097
0.06 0.007425 0.123121 0.01517383
0.06 0.0099 0.1634928 0.02674481
0.06 0.012375 0.2033628 0.04137095
0.06 0.01485 0.2425728 0.058856
0.06 0.017325 0.2809571 0.07895083
0.06 0.0198 0.3185261 0.1014726
0.06 0.022275 0.3550978 0.1261078
0.06 0.02475 0.390583 0.152568
0.06 0.027225 0.4249747 0.180616
0.06 0.0297 0.4581646 0.2099269
0.06 0.032175 0.4901449 0.2402536
0.06 0.03465 0.5208342 0.2712794
0.06 0.037125 0.5502663 0.3028036
0.06 0.0396 0.5783695 0.3345213
0.06 0.042075 0.6051561 0.3662236
0.06 0.04455 0.6306367 0.3977119
0.06 0.047025 0.6548321 0.4288138
0.06 0.0495 0.6777902 0.4594078
0.06 0.051975 0.6994574 0.4892484
0.06 0.05445 0.7199367 0.5183162
0.06 0.056925 0.7392318 0.5464705
0.06 0.0594 0.7573559 0.5735945
0.06 0.061875 0.7744157 0.5997258
0.06 0.06435 0.7904134 0.6247591
0.06 0.066825 0.805381 0.6486439
0.06 0.0693 0.8194037 0.6714274
0.06 0.071775 0.8325103 0.6930781
0.06 0.07425 0.8447507 0.7136081
0.06 0.076725 0.8561405 0.7329806
0.06 0.0792 0.8667773 0.7513067
0.06 0.081675 0.8766901 0.7685891
0.06 0.08415 0.8859067 0.784834
0.06 0.086625 0.8944442 0.8000335
0.06 0.0891 0.9023957 0.8143209
0.06 0.091575 0.9097933 0.8277265
0.06 0.09405 0.9166299 0.8402128
0.06 0.096525 0.9229788 0.8518922
0.06 0.099 0.9288694 0.8628004
0.06 0.102475 0.9363937 0.876835
0.06 0.10495 0.9412817 0.886013
0.06 0.107425 0.945811 0.8945601
0.06 0.1099 0.9499863 0.9024754
0.06 0.112375 0.9538463 0.9098242
0.06 0.11485 0.9574277 0.916669
0.06 0.117325 0.9607363 0.9230153
0.06 0.1198 0.9637921 0.9288962
0.06 0.122275 0.9666141 0.9343438
0.06 0.12475 0.9692145 0.9393777
0.06 0.127225 0.9716151 0.9440367
0.06 0.1297 0.9738325 0.9483505
0.06 0.132175 0.9758752 0.9523332
0.06 0.13465 0.9777727 0.9560401
0.06 0.137125 0.979509 0.9594385
0.06 0.1396 0.9811222 0.9626013
0.06 0.142075 0.9825955 0.9654945
0.06 0.14455 0.9839721 0.9682016
0.06 0.147025 0.9852322 0.970683
0.06 0.1495 0.9863945 0.9729744
0.06 0.151975 0.9874626 0.9750828
0.06 0.15445 0.9884527 0.9770391
0.06 0.156925 0.9893566 0.9788268
0.06 0.1594 0.9901948 0.980486
0.06 0.161875 0.9909706 0.9820231
0.06 0.16435 0.991686 0.9834413
0.06 0.166825 0.9923404 0.9847397
0.06 0.1693 0.9929392 0.9859285
0.06 0.171775 0.9934975 0.9870375
0.06 0.17425 0.9940117 0.9880595
0.06 0.176725 0.9944856 0.9890019
0.06 0.1792 0.9949218 0.9898695
0.06 0.181675 0.995323 0.990668
0.06 0.18415 0.9956931 0.991405
0.06 0.186625 0.9960334 0.9920827
0.06 0.1891 0.996344 0.9927014
0.06 0.191575 0.9966357 0.9932829
0.06 0.19405 0.9969017 0.993813
0.06 0.196525 0.9971465 0.9943013
0.06 0.199 0.9973722 0.9947514
0.05 0.002475 0.04947121 0.002462643
0.05 0.00495 0.09868513 0.009753915
0.05 0.007425 0.1474269 0.02174963
0.05 0.0099 0.1954533 0.03821674
0.05 0.012375 0.2425729 0.05885595
0.05 0.01485 0.2885734 0.08328853
0.05 0.017325 0.3332862 0.1110933
0.05 0.0198 0.3765151 0.1417767
0.05 0.022275 0.4182164 0.1749175
0.05 0.02475 0.4581713 0.209933
0.05 0.027225 0.4963692 0.2463939
0.05 0.0297 0.5327805 0.2838659
0.05 0.032175 0.5672884 0.3218264
0.05 0.03465 0.5999105 0.3599024
0.05 0.037125 0.6306492 0.3977275
0.05 0.0396 0.6595359 0.4349962
0.05 0.042075 0.6865867 0.4714094
0.05 0.04455 0.7118957 0.506803
0.05 0.047025 0.7354652 0.5409161
0.05 0.0495 0.7573603 0.5736012
0.05 0.051975 0.7777128 0.6048432
0.05 0.05445 0.7965122 0.6344373
0.05 0.056925 0.8139122 0.6624583
0.05 0.0594 0.8299582 0.6888353
0.05 0.061875 0.844731 0.7135748
0.05 0.06435 0.8583309 0.736736
0.05 0.066825 0.8708243 0.7583386
0.05 0.0693 0.8822692 0.7784023
0.05 0.071775 0.8928023 0.7970991
0.05 0.07425 0.9024099 0.8143464
0.05 0.076725 0.9111892 0.8302684
0.05 0.0792 0.9192242 0.8449755
0.05 0.081675 0.9265438 0.8584856
0.05 0.08415 0.9332408 0.8709404
0.05 0.086625 0.9393441 0.8823691
0.05 0.0891 0.9449058 0.8928486
0.05 0.091575 0.9499745 0.9024531
0.05 0.09405 0.9545812 0.9112267
0.05 0.096525 0.9587758 0.9192523
0.05 0.099 0.9625903 0.9265813
0.05 0.102475 0.9673635 0.9357931
0.05 0.10495 0.9703931 0.9416636
0.05 0.107425 0.9731486 0.9470189
0.05 0.1099 0.9756401 0.9518744
0.05 0.112375 0.977918 0.9563242
0.05 0.11485 0.9799811 0.9603635
0.05 0.117325 0.9818459 0.9640219
0.05 0.1198 0.9835423 0.967356
0.05 0.122275 0.985087 0.9703969
0.05 0.12475 0.9864851 0.9731533
0.05 0.127225 0.9877499 0.9756502
0.05 0.1297 0.9888968 0.9779173
0.05 0.132175 0.9899384 0.9799784
0.05 0.13465 0.9908789 0.9818412
0.05 0.137125 0.9917348 0.9835381
0.05 0.1396 0.9925128 0.9850819
0.05 0.142075 0.9932167 0.9864797
0.05 0.14455 0.993854 0.9877459
0.05 0.147025 0.9944335 0.9888981
0.05 0.1495 0.9949565 0.9899385
0.05 0.151975 0.9954284 0.9908779
0.05 0.15445 0.9958621 0.9917415
0.05 0.156925 0.9962479 0.9925101
0.05 0.1594 0.9966016 0.9932149
0.05 0.161875 0.9969218 0.9938533
0.05 0.16435 0.997211 0.9944298
0.05 0.166825 0.9974745 0.9949555
0.05 0.1693 0.9977131 0.9954315
0.05 0.171775 0.9979261 0.9958565
0.05 0.17425 0.9981234 0.9962503
0.05 0.176725 0.9982993 0.9966016
0.05 0.1792 0.9984589 0.9969203
0.05 0.181675 0.9986032 0.9972084
0.05 0.18415 0.9987337 0.9974691
0.05 0.186625 0.9988547 0.9977107
0.05 0.1891 0.9989625 0.9979261
0.05 0.191575 0.99906 0.9981208
0.05 0.19405 0.9991486 0.9982979
0.05 0.196525 0.9992297 0.9984601
0.05 0.199 0.999302 0.9986045
0.04 0.002475 0.06179921 0.003834353
0.04 0.00495 0.1231092 0.01517103
0.04 0.007425 0.1835319 0.03369865
0.04 0.0099 0.2425677 0.05885347
0.04 0.012375 0.2998605 0.08993025
0.04 0.01485 0.3550814 0.1260961
0.04 0.017325 0.4079353 0.1664239
0.04 0.0198 0.4581779 0.209939
0.04 0.022275 0.5056543 0.2556976
0.04 0.02475 0.5502598 0.3027966
0.04 0.027225 0.5919406 0.3504036
0.04 0.0297 0.6306242 0.3976962
0.04 0.032175 0.666461 0.4441787
0.04 0.03465 0.6994609 0.4892534
0.04 0.037125 0.7297303 0.5325135
0.04 0.0396 0.757361 0.5736021
0.04 0.042075 0.7825437 0.6123805
0.04 0.04455 0.8053922 0.6486619
0.04 0.047025 0.8260382 0.6823441
0.04 0.0495 0.8447315 0.7135756
0.04 0.051975 0.8615612 0.7422917
0.04 0.05445 0.8766627 0.7685409
0.04 0.056925 0.8902507 0.7925495
0.04 0.0594 0.9023974 0.8143239
0.04 0.061875 0.9132747 0.8340732
0.04 0.06435 0.9229704 0.8518766
0.04 0.066825 0.9316385 0.8679523
0.04 0.0693 0.9393547 0.882389
0.04 0.071775 0.9462194 0.8953328
0.04 0.07425 0.9523213 0.9069173
0.04 0.076725 0.9577646 0.9173143
0.04 0.0792 0.9625916 0.9265837
0.04 0.081675 0.9668673 0.9348334
0.04 0.08415 0.9706646 0.9421907
0.04 0.086625 0.9740386 0.9487521
0.04 0.0891 0.9770282 0.9545847
0.04 0.091575 0.9796753 0.9597644
0.04 0.09405 0.9820211 0.964366
0.04 0.096525 0.9840908 0.9684353
0.04 0.099 0.9859269 0.9720522
0.04 0.102475 0.9881613 0.9764632
0.04 0.10495 0.9895376 0.979185
0.04 0.107425 0.9907476 0.981581
0.04 0.1099 0.9918195 0.9837063
0.04 0.112375 0.992767 0.9855865
0.04 0.11485 0.9936058 0.9872526
0.04 0.117325 0.9943474 0.988727
0.04 0.1198 0.9950067 0.9900385
0.04 0.122275 0.9955851 0.9911897
0.04 0.12475 0.9960978 0.9922109
0.04 0.127225 0.9965525 0.993117
0.04 0.1297 0.996951 0.9939114
0.04 0.132175 0.9973073 0.994622
0.04 0.13465 0.9976208 0.9952472
0.04 0.137125 0.9978955 0.9957955
0.04 0.1396 0.9981414 0.9962864
0.04 0.142075 0.9983587 0.9967201
0.04 0.14455 0.9985497 0.9971015
0.04 0.147025 0.9987163 0.9974342
0.04 0.1495 0.9988679 0.9977372
0.04 0.151975 0.9989966 0.9979943
0.04 0.15445 0.9991158 0.9982325
0.04 0.156925 0.9992173 0.9984352
0.04 0.1594 0.9993088 0.9986182
0.04 0.161875 0.9993895 0.9987793
0.04 0.16435 0.9994605 0.9989213
0.04 0.166825 0.9995236 0.9990475
0.04 0.1693 0.9995791 0.9991585
0.04 0.171775 0.9996282 0.9992565
0.04 0.17425 0.9996714 0.999343
0.04 0.176725 0.9997094 0.9994188
0.04 0.1792 0.999743 0.9994861
0.04 0.181675 0.9997724 0.9995448
0.04 0.18415 0.9997996 0.9995992
0.04 0.186625 0.9998224 0.9996448
0.04 0.1891 0.999843 0.9996861
0.04 0.191575 0.9998615 0.999723
0.04 0.19405 0.9998779 0.9997559
0.04 0.196525 0.9998915 0.999783
0.04 0.199 0.9999043 0.9998085
0.03 0.002475 0.0823064 0.006789444
0.03 0.00495 0.1635314 0.02675735
0.03 0.007425 0.2425645 0.05885194
0.03 0.0099 0.3185381 0.1014802
0.03 0.012375 0.3905699 0.1525578
0.03 0.01485 0.4581792 0.2099401
0.03 0.017325 0.5208267 0.2712716
0.03 0.0198 0.5783583 0.3345085
0.03 0.022275 0.6306449 0.3977221
0.03 0.02475 0.6777851 0.459401
0.03 0.027225 0.7199216 0.5182945
0.03 0.0297 0.7573536 0.573591
0.03 0.032175 0.7903868 0.6247169
0.03 0.03465 0.8193949 0.6714131
0.03 0.037125 0.8447506 0.7136079
0.03 0.0396 0.8667865 0.7513227
0.03 0.042075 0.885901 0.7848238
0.03 0.04455 0.902402 0.8143322
0.03 0.047025 0.916622 0.8401984
0.03 0.0495 0.9288422 0.86275
0.03 0.051975 0.939351 0.8823822
0.03 0.05445 0.9483458 0.8993613
0.03 0.056925 0.9560227 0.9139808
0.03 0.0594 0.9625821 0.9265654
0.03 0.061875 0.9681796 0.9373727
0.03 0.06435 0.9729529 0.9466382
0.03 0.066825 0.977026 0.9545805
0.03 0.0693 0.980488 0.9613574
0.03 0.071775 0.9834278 0.9671307
0.03 0.07425 0.9859311 0.9720606
0.03 0.076725 0.988067 0.9762768
0.03 0.0792 0.989867 0.979837
0.03 0.081675 0.9914031 0.9828803
0.03 0.08415 0.9927048 0.985463
0.03 0.086625 0.9938144 0.9876672
0.03 0.0891 0.9947492 0.9895262
0.03 0.091575 0.995545 0.9911101
0.03 0.09405 0.996223 0.9924604
0.03 0.096525 0.9967957 0.9936018
0.03 0.099 0.9972805 0.9945684
0.03 0.102475 0.9978482 0.9957011
0.03 0.10495 0.9981688 0.9963411
0.03 0.107425 0.9984506 0.9969036
0.03 0.1099 0.9986844 0.9973705
0.03 0.112375 0.9988851 0.9977714
0.03 0.11485 0.9990535 0.998108
0.03 0.117325 0.999198 0.9983967
0.03 0.1198 0.9993206 0.9986417
0.03 0.122275 0.999423 0.9988464
0.03 0.12475 0.9995109 0.9990221
0.03 0.127225 0.9995861 0.9991724
0.03 0.1297 0.9996488 0.9992977
0.03 0.132175 0.999702 0.9994041
0.03 0.13465 0.9997465 0.9994931
0.03 0.137125 0.9997855 0.999571
0.03 0.1396 0.9998183 0.9996366
0.03 0.142075 0.9998458 0.9996917
0.03 0.14455 0.9998695 0.999739
0.03 0.147025 0.9998888 0.9997777
0.03 0.1495 0.9999058 0.9998116
0.03 0.151975 0.9999206 0.9998411
0.03 0.15445 0.9999325 0.9998651
0.03 0.156925 0.9999428 0.9998855
0.03 0.1594 0.9999514 0.9999028
0.03 0.161875 0.9999586 0.9999172
0.03 0.16435 0.9999651 0.9999302
0.03 0.166825 0.9999706 0.9999411
0.03 0.1693 0.9999749 0.9999497
0.03 0.171775 0.9999785 0.9999569
0.03 0.17425 0.9999819 0.9999637
0.03 0.176725 0.9999847 0.9999695
0.03 0.1792 0.999987 0.999974
0.03 0.181675 0.999989 0.999978
0.03 0.18415 0.9999906 0.9999813
0.03 0.186625 0.9999919 0.9999839
0.03 0.1891 0.9999931 0.9999862
0.03 0.191575 0.9999942 0.9999885
0.03 0.19405 0.9999951 0.9999902
0.03 0.196525 0.9999959 0.9999917
0.03 0.199 0.9999964 0.9999929
0.09 0.002475 0.02751776 0.0007724658
0.09 0.00495 0.05494359 0.003034047
0.09 0.007425 0.08232524 0.006792523
0.09 0.0099 0.1095694 0.01202057
0.09 0.012375 0.1366423 0.01868609
0.09 0.01485 0.1635266 0.0267558
0.09 0.017325 0.1901538 0.03617317
0.09 0.0198 0.2165474 0.04690743
0.09 0.022275 0.2425569 0.05884832
0.09 0.02475 0.2682646 0.07198023
0.09 0.027225 0.2935859 0.08620655
0.09 0.0297 0.3185311 0.1014758
0.09 0.032175 0.3429891 0.117655
0.09 0.03465 0.3670561 0.1347434
0.09 0.037125 0.3905828 0.1525679
0.09 0.0396 0.4136446 0.1711144
0.09 0.042075 0.4361654 0.1902526
0.09 0.04455 0.4581692 0.2099311
0.09 0.047025 0.4796174 0.2300447
0.09 0.0495 0.5005249 0.2505366
0.09 0.051975 0.5208512 0.2712972
0.09 0.05445 0.5405988 0.2922579
0.09 0.056925 0.5597705 0.3133536
0.09 0.0594 0.5783835 0.3345376
0.09 0.061875 0.5963772 0.3556756
0.09 0.06435 0.6138056 0.3767668
0.09 0.066825 0.630667 0.3977501
0.09 0.0693 0.6469328 0.4185309
0.09 0.071775 0.6626517 0.4391159
0.09 0.07425 0.6777776 0.4593907
0.09 0.076725 0.6923926 0.4794154
0.09 0.0792 0.706419 0.4990355
0.09 0.081675 0.7198928 0.5182531
0.09 0.08415 0.7329148 0.5371712
0.09 0.086625 0.7454044 0.5556345
0.09 0.0891 0.7573707 0.573617
0.09 0.091575 0.7688643 0.5911586
0.09 0.09405 0.7798589 0.6081858
0.09 0.096525 0.7903929 0.6247266
0.09 0.099 0.8004905 0.6407905
0.09 0.102475 0.8139844 0.6625758
0.09 0.10495 0.8230249 0.6773748
0.09 0.107425 0.8316902 0.6917133
0.09 0.1099 0.8399754 0.7055631
0.09 0.112375 0.84789 0.7189217
0.09 0.11485 0.8554483 0.7317959
0.09 0.117325 0.862636 0.7441449
0.09 0.1198 0.8695121 0.756055
0.09 0.122275 0.8760681 0.7674989
0.09 0.12475 0.8823135 0.7784804
0.09 0.127225 0.8882613 0.7890113
0.09 0.1297 0.8939177 0.7990918
0.09 0.132175 0.899303 0.8087487
0.09 0.13465 0.9044488 0.8180303
0.09 0.137125 0.909325 0.8268747
0.09 0.1396 0.9139682 0.8353404
0.09 0.142075 0.9183848 0.843433
0.09 0.14455 0.9225828 0.8511614
0.09 0.147025 0.9265673 0.8585292
0.09 0.1495 0.9303657 0.8655824
0.09 0.151975 0.9339695 0.8723009
0.09 0.15445 0.9373898 0.8787015
0.09 0.156925 0.9406431 0.8848113
0.09 0.1594 0.943739 0.8906449
0.09 0.161875 0.9466554 0.8961581
0.09 0.16435 0.9494366 0.9014313
0.09 0.166825 0.9520945 0.9064854
0.09 0.1693 0.9545884 0.9112404
0.09 0.171775 0.9569704 0.9157936
0.09 0.17425 0.9592257 0.9201152
0.09 0.176725 0.9613731 0.9242393
0.09 0.1792 0.9633848 0.9281114
0.09 0.181675 0.9653208 0.9318453
0.09 0.18415 0.9671421 0.9353649
0.09 0.186625 0.9688754 0.9387205
0.09 0.1891 0.9705061 0.941883
0.09 0.191575 0.9720718 0.9449244
0.09 0.19405 0.9735414 0.9477837
0.09 0.196525 0.9749421 0.9505128
0.09 0.199 0.9762669 0.9530978
0.07 0.002475 0.03532305 0.001263047
0.07 0.00495 0.07058801 0.004997885
0.07 0.007425 0.1056847 0.0111844
0.07 0.0099 0.1404941 0.01975362
0.07 0.012375 0.1749796 0.03063261
0.07 0.01485 0.2090119 0.04370057
0.07 0.017325 0.2425572 0.05884835
0.07 0.0198 0.2755466 0.07594015
0.07 0.022275 0.3079107 0.0948228
0.07 0.02475 0.33953 0.1152941
0.07 0.027225 0.3704295 0.1372311
0.07 0.0297 0.4005433 0.1604478
0.07 0.032175 0.429804 0.184744
0.07 0.03465 0.4581646 0.2099269
0.07 0.037125 0.4856615 0.2358787
0.07 0.0396 0.512203 0.2623631
0.07 0.042075 0.5378128 0.2892534
0.07 0.04455 0.5624601 0.3163718
0.07 0.047025 0.5861404 0.3435706
0.07 0.0495 0.6088714 0.3707341
0.07 0.051975 0.6306623 0.3977441
0.07 0.05445 0.6514825 0.4244382
0.07 0.056925 0.6713648 0.4507391
0.07 0.0594 0.6903366 0.4765727
0.07 0.061875 0.7083985 0.5018361
0.07 0.06435 0.7255545 0.5264366
0.07 0.066825 0.7418795 0.5503921
0.07 0.0693 0.7573741 0.5736221
0.07 0.071775 0.7720404 0.5960525
0.07 0.07425 0.7859406 0.6177085
0.07 0.076725 0.7990901 0.6385504
0.07 0.0792 0.8115047 0.6585451
0.07 0.081675 0.8232368 0.6777237
0.07 0.08415 0.8343232 0.6960998
0.07 0.086625 0.844732 0.7135765
0.07 0.0891 0.8545702 0.7302944
0.07 0.091575 0.8638065 0.7461656
0.07 0.09405 0.8725276 0.7613081
0.07 0.096525 0.8807219 0.7756745
0.07 0.099 0.8884027 0.7892625
0.07 0.102475 0.8983994 0.8071245
0.07 0.10495 0.9050239 0.819071
0.07 0.107425 0.911217 0.830319
0.07 0.1099 0.9170339 0.8409537
0.07 0.112375 0.9224664 0.8509465
0.07 0.11485 0.9275597 0.8603692
0.07 0.117325 0.9323459 0.8692709
0.07 0.1198 0.9368208 0.8776351
0.07 0.122275 0.9410149 0.8855109
0.07 0.12475 0.9449296 0.8928937
0.07 0.127225 0.9485907 0.8998259
0.07 0.1297 0.9520148 0.9063335
0.07 0.132175 0.9552154 0.9124377
0.07 0.13465 0.9582073 0.9181625
0.07 0.137125 0.9610142 0.9235495
0.07 0.1396 0.9636249 0.928574
0.07 0.142075 0.9660567 0.9332666
0.07 0.14455 0.9683425 0.9376881
0.07 0.147025 0.9704755 0.9418236
0.07 0.1495 0.9724654 0.9456898
0.07 0.151975 0.9743212 0.9493026
0.07 0.15445 0.9760455 0.9526654
0.07 0.156925 0.977663 0.9558256
0.07 0.1594 0.9791744 0.9587831
0.07 0.161875 0.9805908 0.9615589
0.07 0.16435 0.9818975 0.9641233
0.07 0.166825 0.9831205 0.9665264
0.07 0.1693 0.9842666 0.9687813
0.07 0.171775 0.9853349 0.9708854
0.07 0.17425 0.9863258 0.972839
0.07 0.176725 0.9872534 0.9746697
0.07 0.1792 0.9881203 0.9763821
0.07 0.181675 0.9889213 0.9779657
0.07 0.18415 0.9896789 0.9794646
0.07 0.186625 0.9903753 0.9808436
0.07 0.1891 0.9910295 0.9821398
0.07 0.191575 0.9916439 0.9833579
0.07 0.19405 0.9922117 0.9844842
0.07 0.196525 0.9927423 0.9855375
0.07 0.199 0.9932383 0.9865226
1 0.002475 0.002480559 2.131855e-05
1 0.00495 0.004963577 3.994263e-05
1 0.007425 0.007419795 7.036585e-05
1 0.0099 0.009908332 0.0001135166
1 0.012375 0.01236835 0.0001682283
1 0.01485 0.0148247 0.0002349183
1 0.017325 0.01732906 0.000315509
1 0.0198 0.01981178 0.0004077693
1 0.022275 0.02227911 0.0005114852
1 0.02475 0.02474498 0.0006275611
1 0.027225 0.02721875 0.0007561097
1 0.0297 0.02968068 0.0008960645
1 0.032175 0.03215087 0.001048894
1 0.03465 0.03462872 0.001214328
1 0.037125 0.03709273 0.001391184
1 0.0396 0.03958493 0.001582279
1 0.042075 0.04207574 0.001785638
1 0.04455 0.04452437 0.001997711
1 0.047025 0.0469911 0.002223447
1 0.0495 0.04946216 0.002461824
1 0.051975 0.05192138 0.002711016
1 0.05445 0.05439026 0.002973468
1 0.056925 0.05684693 0.003246746
1 0.0594 0.0593211 0.003534247
1 0.061875 0.06177356 0.00383114
1 0.06435 0.06425748 0.004144337
1 0.066825 0.06674057 0.004469493
1 0.0693 0.06917478 0.004800343
1 0.071775 0.07165723 0.005150028
1 0.07425 0.07413715 0.005511597
1 0.076725 0.07658909 0.005881028
1 0.0792 0.07902946 0.00626065
1 0.081675 0.08151489 0.006659736
1 0.08415 0.08395577 0.007063725
1 0.086625 0.08641776 0.007483134
1 0.0891 0.08886276 0.007911686
1 0.091575 0.09132495 0.008355451
1 0.09405 0.09377504 0.008808868
1 0.096525 0.09624234 0.00927765
1 0.099 0.09870063 0.009756868
1 0.102475 0.1021092 0.01044138
1 0.10495 0.1045379 0.01094339
1 0.107425 0.1069769 0.01145904
1 0.1099 0.1094783 0.01200054
1 0.112375 0.1119019 0.01253696
1 0.11485 0.1143457 0.01308994
1 0.117325 0.1167617 0.01364846
1 0.1198 0.1192486 0.0142353
1 0.122275 0.1216582 0.01481581
1 0.12475 0.1241053 0.01541709
1 0.127225 0.1265372 0.01602663
1 0.1297 0.1289703 0.01664832
1 0.132175 0.131414 0.01728463
1 0.13465 0.133819 0.01792251
1 0.137125 0.1362775 0.01858655
1 0.1396 0.1386967 0.01925173
1 0.142075 0.1411167 0.01992898
1 0.14455 0.143547 0.02062063
1 0.147025 0.1459498 0.0213163
1 0.1495 0.148419 0.02204313
1 0.151975 0.1508383 0.02276708
1 0.15445 0.1532312 0.02349471
1 0.156925 0.1556211 0.02423292
1 0.1594 0.1580594 0.02499764
1 0.161875 0.1604858 0.02577059
1 0.16435 0.1628712 0.02654186
1 0.166825 0.1652743 0.02733042
1 0.1693 0.167705 0.02813973
1 0.171775 0.1701087 0.02895182
1 0.17425 0.172514 0.02977587
1 0.176725 0.1749041 0.0306062
1 0.1792 0.1772918 0.03144714
1 0.181675 0.1797055 0.03230883
1 0.18415 0.1820652 0.03316246
1 0.186625 0.1844928 0.03405229
1 0.1891 0.1868731 0.03493626
1 0.191575 0.1892582 0.03583337
1 0.19405 0.1916432 0.03674186
1 0.196525 0.1940367 0.03766492
1 0.199 0.1964192 0.03859499
0.9 0.002475 0.002741236 2.296737e-05
0.9 0.00495 0.005493213 4.540893e-05
0.9 0.007425 0.008246984 8.333848e-05
0.9 0.0099 0.01102536 0.0001367613
0.9 0.012375 0.01375937 0.0002046386
0.9 0.01485 0.01646852 0.0002864259
0.9 0.017325 0.01924321 0.000385601
0.9 0.0198 0.02199676 0.0004991492
0.9 0.022275 0.0247478 0.0006278111
0.9 0.02475 0.02750509 0.0007717067
0.9 0.027225 0.03025724 0.0009307341
0.9 0.0297 0.033006 0.001104772
0.9 0.032175 0.03574453 0.00129292
0.9 0.03465 0.03845735 0.00149425
0.9 0.037125 0.04123528 0.00171556
0.9 0.0396 0.04394011 0.001945899
0.9 0.042075 0.04669557 0.002195707
0.9 0.04455 0.04946474 0.002461984
0.9 0.047025 0.05221406 0.002741435
0.9 0.0495 0.05492599 0.003032084
0.9 0.051975 0.05769514 0.003344064
0.9 0.05445 0.0604185 0.003665619
0.9 0.056925 0.06317263 0.004005953
0.9 0.0594 0.06591109 0.0043594
0.9 0.061875 0.06860817 0.004722229
0.9 0.06435 0.07137748 0.005109977
0.9 0.066825 0.07412935 0.005510377
0.9 0.0693 0.07682959 0.005917917
0.9 0.071775 0.07956857 0.00634631
0.9 0.07425 0.08230131 0.00678859
0.9 0.076725 0.08503814 0.007246634
0.9 0.0792 0.08774175 0.007713757
0.9 0.081675 0.09052688 0.008210272
0.9 0.08415 0.09324867 0.008710419
0.9 0.086625 0.09594491 0.009220528
0.9 0.0891 0.09867474 0.009751935
0.9 0.091575 0.1013819 0.01029343
0.9 0.09405 0.1041069 0.0108533
0.9 0.096525 0.1068464 0.01143128
0.9 0.099 0.1095452 0.01201513
0.9 0.102475 0.1133921 0.01287269
0.9 0.10495 0.1160854 0.01349097
0.9 0.107425 0.1187916 0.01412647
0.9 0.1099 0.1215347 0.01478569
0.9 0.112375 0.1242362 0.01544962
0.9 0.11485 0.1269047 0.01611982
0.9 0.117325 0.1296187 0.01681604
0.9 0.1198 0.1323292 0.01752593
0.9 0.122275 0.1350251 0.01824675
0.9 0.12475 0.1377402 0.01898731
0.9 0.127225 0.1404302 0.01973558
0.9 0.1297 0.143117 0.02049742
0.9 0.132175 0.1457864 0.0212685
0.9 0.13465 0.148517 0.02207228
0.9 0.137125 0.1511989 0.02287603
0.9 0.1396 0.1539084 0.02370274
0.9 0.142075 0.1565818 0.02453279
0.9 0.14455 0.1592273 0.02536816
0.9 0.147025 0.1619351 0.02623788
0.9 0.1495 0.1646058 0.02710973
0.9 0.151975 0.167288 0.02800007
0.9 0.15445 0.1699661 0.02890313
0.9 0.156925 0.1726155 0.02981074
0.9 0.1594 0.1752769 0.03073687
0.9 0.161875 0.1779163 0.03166902
0.9 0.16435 0.1806226 0.03263925
0.9 0.166825 0.1832723 0.03360339
0.9 0.1693 0.1859323 0.03458559
0.9 0.171775 0.188593 0.03558201
0.9 0.17425 0.1912392 0.03658711
0.9 0.176725 0.1938749 0.03760227
0.9 0.1792 0.1965206 0.03863508
0.9 0.181675 0.1991662 0.03968184
0.9 0.18415 0.2017993 0.04073759
0.9 0.186625 0.2044493 0.04181408
0.9 0.1891 0.2070682 0.04289189
0.9 0.191575 0.2097157 0.04399525
0.9 0.19405 0.2123075 0.04508909
0.9 0.196525 0.2149609 0.04622272
0.9 0.199 0.2175862 0.04735846
0.8 0.002475 0.003093238 2.483899e-05
0.8 0.00495 0.006183969 5.351318e-05
0.8 0.007425 0.009315807 0.0001020464
0.8 0.0099 0.01238264 0.0001686049
0.8 0.012375 0.01548914 0.0002552546
0.8 0.01485 0.01857878 0.0003603123
0.8 0.017325 0.02164899 0.0004840127
0.8 0.0198 0.02474435 0.0006275669
0.8 0.022275 0.0278546 0.0007911453
0.8 0.02475 0.03094543 0.0009728983
0.8 0.027225 0.0340298 0.001173237
0.8 0.0297 0.03711817 0.001393014
0.8 0.032175 0.04017907 0.001629674
0.8 0.03465 0.04327949 0.001888249
0.8 0.037125 0.04636955 0.002165385
0.8 0.0396 0.04946191 0.002461731
0.8 0.042075 0.0525694 0.002778864
0.8 0.04455 0.05563866 0.003110914
0.8 0.047025 0.0586963 0.003460451
0.8 0.0495 0.06177698 0.003831567
0.8 0.051975 0.06488507 0.00422524
0.8 0.05445 0.06795944 0.004633686
0.8 0.056925 0.07104171 0.005062124
0.8 0.0594 0.0741191 0.005508719
0.8 0.061875 0.0771891 0.005973519
0.8 0.06435 0.08025701 0.006456452
0.8 0.066825 0.08334344 0.006961372
0.8 0.0693 0.08642695 0.00748473
0.8 0.071775 0.08946472 0.008019032
0.8 0.07425 0.09255005 0.008580603
0.8 0.076725 0.09561064 0.009156529
0.8 0.0792 0.09869052 0.009754978
0.8 0.081675 0.1017414 0.0103663
0.8 0.08415 0.1047823 0.01099451
0.8 0.086625 0.1078772 0.01165256
0.8 0.0891 0.1109239 0.01231911
0.8 0.091575 0.1140027 0.01301163
0.8 0.09405 0.1170141 0.01370729
0.8 0.096525 0.120073 0.01443252
0.8 0.099 0.1231231 0.01517441
0.8 0.102475 0.1273974 0.01624517
0.8 0.10495 0.1304274 0.01702623
0.8 0.107425 0.1335039 0.01783831
0.8 0.1099 0.1365132 0.01865079
0.8 0.112375 0.1395307 0.01948391
0.8 0.11485 0.1425987 0.02034936
0.8 0.117325 0.1456304 0.02122307
0.8 0.1198 0.1486305 0.022106
0.8 0.122275 0.1516772 0.02302082
0.8 0.12475 0.1546915 0.02394436
0.8 0.127225 0.1576814 0.02487831
0.8 0.1297 0.160743 0.02585313
0.8 0.132175 0.1637299 0.02682226
0.8 0.13465 0.166726 0.02781226
0.8 0.137125 0.1697345 0.02882478
0.8 0.1396 0.1727645 0.02986252
0.8 0.142075 0.1757547 0.03090446
0.8 0.14455 0.1787517 0.03196696
0.8 0.147025 0.1817294 0.03304028
0.8 0.1495 0.1847125 0.03413345
0.8 0.151975 0.1877126 0.03525077
0.8 0.15445 0.1906843 0.03637511
0.8 0.156925 0.1937001 0.03753432
0.8 0.1594 0.1966397 0.03868187
0.8 0.161875 0.1996284 0.03986615
0.8 0.16435 0.2025669 0.04104779
0.8 0.166825 0.2055823 0.04227879
0.8 0.1693 0.2085352 0.04350155
0.8 0.171775 0.2114548 0.04472758
0.8 0.17425 0.2144356 0.04599738
0.8 0.176725 0.2173909 0.04727332
0.8 0.1792 0.2203454 0.04856651
0.8 0.181675 0.223264 0.04986132
0.8 0.18415 0.2262255 0.05119247
0.8 0.186625 0.2291663 0.05253173
0.8 0.1891 0.2320869 0.05387889
0.8 0.191575 0.2349915 0.05523541
0.8 0.19405 0.2379396 0.0566297
0.8 0.196525 0.2408352 0.05801586
0.8 0.199 0.2437506 0.05942866
0.02 0.002475 0.1231209 0.01517375
0.02 0.00495 0.2425433 0.05884171
0.02 0.007425 0.3550917 0.1261035
0.02 0.0099 0.4581788 0.2099399
0.02 0.012375 0.5502686 0.3028062
0.02 0.01485 0.6306549 0.3977348
0.02 0.017325 0.6994608 0.4892532
0.02 0.0198 0.75734 0.5735704
0.02 0.022275 0.8053901 0.6486585
0.02 0.02475 0.8447586 0.7136214
0.02 0.027225 0.8766736 0.7685601
0.02 0.0297 0.9024007 0.8143299
0.02 0.032175 0.9229693 0.8518747
0.02 0.03465 0.9393585 0.8823961
0.02 0.037125 0.9523244 0.9069232
0.02 0.0396 0.9625808 0.9265629
0.02 0.042075 0.9706675 0.9421963
0.02 0.04455 0.9770263 0.9545811
0.02 0.047025 0.9820152 0.9643543
0.02 0.0495 0.9859334 0.972065
0.02 0.051975 0.9889994 0.9781201
0.02 0.05445 0.9914024 0.982879
0.02 0.056925 0.9932853 0.9866159
0.02 0.0594 0.9947514 0.9895306
0.02 0.061875 0.9958993 0.9918156
0.02 0.06435 0.996799 0.9936084
0.02 0.066825 0.997497 0.9950004
0.02 0.0693 0.9980449 0.9960937
0.02 0.071775 0.9984734 0.9969491
0.02 0.07425 0.9988067 0.9976148
0.02 0.076725 0.999071 0.9981429
0.02 0.0792 0.9992722 0.998545
0.02 0.081675 0.9994329 0.9988661
0.02 0.08415 0.9995577 0.9991155
0.02 0.086625 0.9996538 0.9993077
0.02 0.0891 0.9997294 0.999459
0.02 0.091575 0.9997888 0.9995777
0.02 0.09405 0.9998355 0.9996711
0.02 0.096525 0.9998717 0.9997435
0.02 0.099 0.9998999 0.9997997
0.02 0.102475 0.9999293 0.9998586
0.02 0.10495 0.9999448 0.9998895
0.02 0.107425 0.9999567 0.9999133
0.02 0.1099 0.9999662 0.9999323
0.02 0.112375 0.9999737 0.9999474
0.02 0.11485 0.9999795 0.999959
0.02 0.117325 0.9999839 0.9999678
0.02 0.1198 0.9999874 0.9999749
0.02 0.122275 0.9999901 0.9999803
0.02 0.12475 0.9999921 0.9999842
0.02 0.127225 0.999994 0.999988
0.02 0.1297 0.9999952 0.9999904
0.02 0.132175 0.9999962 0.9999925
0.02 0.13465 0.9999972 0.9999944
0.02 0.137125 0.9999977 0.9999954
0.02 0.1396 0.9999982 0.9999964
0.02 0.142075 0.9999985 0.9999971
0.02 0.14455 0.9999989 0.9999978
0.02 0.147025 0.9999992 0.9999984
0.02 0.1495 0.9999993 0.9999986
0.02 0.151975 0.9999994 0.9999987
0.02 0.15445 0.9999995 0.999999
0.02 0.156925 0.9999996 0.9999993
0.02 0.1594 0.9999996 0.9999992
0.02 0.161875 0.9999998 0.9999995
0.02 0.16435 0.9999998 0.9999995
0.02 0.166825 0.9999999 0.9999997
0.02 0.1693 0.9999999 0.9999998
0.02 0.171775 0.9999999 0.9999998
0.02 0.17425 0.9999999 0.9999999
0.02 0.176725 1 0.9999999
0.02 0.1792 1 0.9999999
0.02 0.181675 1 0.9999999
0.02 0.18415 1 1
0.02 0.186625 1 1
0.02 0.1891 1 1
0.02 0.191575 1 1
0.02 0.19405 1 1
0.02 0.196525 1 1
0.02 0.199 1 1
0.2 0.002475 0.01235655 0.0001679224
0.2 0.00495 0.02475537 0.0006281713
0.2 0.007425 0.03711402 0.001392683
0.2 0.0099 0.04944778 0.002460249
0.2 0.012375 0.06181553 0.003836345
0.2 0.01485 0.07413893 0.005511688
0.2 0.017325 0.08642156 0.007483819
0.2 0.0198 0.09868901 0.009754601
0.2 0.022275 0.1109227 0.01231895
0.2 0.02475 0.1231169 0.01517291
0.2 0.027225 0.1352812 0.01831596
0.2 0.0297 0.1474112 0.02174498
0.2 0.032175 0.1595192 0.02546135
0.2 0.03465 0.171532 0.0294381
0.2 0.037125 0.1835353 0.0336999
0.2 0.0396 0.1954648 0.03822119
0.2 0.042075 0.2073568 0.0430116
0.2 0.04455 0.2191321 0.04803337
0.2 0.047025 0.230896 0.05332745
0.2 0.0495 0.2425663 0.05885291
0.2 0.051975 0.2541833 0.0646233
0.2 0.05445 0.265725 0.07062387
0.2 0.056925 0.2771766 0.07684104
0.2 0.0594 0.288544 0.08327161
0.2 0.061875 0.2998855 0.08994521
0.2 0.06435 0.3111004 0.09679723
0.2 0.066825 0.3222537 0.1038612
0.2 0.0693 0.3332563 0.1110734
0.2 0.071775 0.3442408 0.118515
0.2 0.07425 0.3550853 0.126099
0.2 0.076725 0.3658559 0.1338638
0.2 0.0792 0.3765406 0.1417959
0.2 0.081675 0.3871001 0.1498595
0.2 0.08415 0.397563 0.1580691
0.2 0.086625 0.4079154 0.1664077
0.2 0.0891 0.4181956 0.1749
0.2 0.091575 0.4283314 0.1834802
0.2 0.09405 0.4383935 0.1922012
0.2 0.096525 0.4483528 0.2010325
0.2 0.099 0.4581732 0.2099346
0.2 0.102475 0.4717985 0.2226056
0.2 0.10495 0.4813724 0.2317312
0.2 0.107425 0.4907855 0.240882
0.2 0.1099 0.5001285 0.2501398
0.2 0.112375 0.5093758 0.259475
0.2 0.11485 0.5184353 0.2687864
0.2 0.117325 0.5274661 0.2782316
0.2 0.1198 0.536338 0.2876693
0.2 0.122275 0.5451061 0.2971514
0.2 0.12475 0.5537414 0.3066401
0.2 0.127225 0.5622572 0.3161435
0.2 0.1297 0.5706642 0.3256679
0.2 0.132175 0.578932 0.3351723
0.2 0.13465 0.5871104 0.3447086
0.2 0.137125 0.5951832 0.3542529
0.2 0.1396 0.6030794 0.3637145
0.2 0.142075 0.6109154 0.3732271
0.2 0.14455 0.6185907 0.3826638
0.2 0.147025 0.6261997 0.3921353
0.2 0.1495 0.6336315 0.4014981
0.2 0.151975 0.6409904 0.4108777
0.2 0.15445 0.6482398 0.4202237
0.2 0.156925 0.6553622 0.4295083
0.2 0.1594 0.6623389 0.4387014
0.2 0.161875 0.669247 0.4479001
0.2 0.16435 0.6760311 0.4570263
0.2 0.166825 0.6826757 0.4660543
0.2 0.1693 0.6892297 0.4750455
0.2 0.171775 0.6956687 0.4839629
0.2 0.17425 0.7019975 0.4928082
0.2 0.176725 0.708246 0.50162
0.2 0.1792 0.7143401 0.5102893
0.2 0.181675 0.7203654 0.5189336
0.2 0.18415 0.7262709 0.5274766
0.2 0.186625 0.7320708 0.5359348
0.2 0.1891 0.7377415 0.5442695
0.2 0.191575 0.7433459 0.55257
0.2 0.19405 0.7487983 0.5607056
0.2 0.196525 0.7541979 0.568821
0.2 0.199 0.7594695 0.5768004
