 Tiempo InterPos2 InterNeg2 InterPN2
           1                 9633                20199                35702   7160.1254882812500        5682.1494140625000       0.79358237832036516     
           2                 9630                20169                35736   7160.1254882812500        5687.5610351562500       0.79433817807591511     
           3                 9635                20194                35705   7160.1254882812500        5682.6269531250000       0.79364907255125283     
           4                 9644                20156                35735   7160.1254882812500        5687.4018554687500       0.79431594666561922     
           5                 9637                20190                35708   7160.1254882812500        5683.1044921875000       0.79371576678214040     
           6                 9637                20209                35689   7160.1254882812500        5680.0805664062500       0.79329343818102871     
           7                 9642                20198                35695   7160.1254882812500        5681.0356445312500       0.79342682664280406     
           8                 9621                20204                35709   7160.1254882812500        5683.2636718750000       0.79373799819243629     
           9                 9644                20214                35677   7160.1254882812500        5678.1708984375000       0.79302672945198827     
          10                 9638                20189                35708   7160.1254882812500        5683.1044921875000       0.79371576678214040     
          11                 9632                20199                35704   7160.1254882812500        5682.4677734375000       0.79362684114095683     
          12                 9631                20177                35727   7160.1254882812500        5686.1284179687500       0.79413809538325209     
          13                 9632                20208                35695   7160.1254882812500        5681.0356445312500       0.79342682664280406     
          14                 9636                20186                35712   7160.1254882812500        5683.7412109375000       0.79380469242332397     
          15                 9643                20197                35695   7160.1254882812500        5681.0356445312500       0.79342682664280406     
          16                 9631                20195                35708   7160.1254882812500        5683.1044921875000       0.79371576678214040     
          17                 9655                20215                35664   7160.1254882812500        5676.1015625000000       0.79273772111814167     
          18                 9631                20205                35698   7160.1254882812500        5681.5131835937500       0.79349352087369174     
          19                 9635                20185                35715   7160.1254882812500        5684.2187500000000       0.79387138665421164     
          20                 9633                20201                35700   7160.1254882812500        5681.8315429687500       0.79353798369428352     
          21                 9617                20200                35717   7160.1254882812500        5684.5371093750000       0.79391584947480343     
          22                 9621                20186                35728   7160.1254882812500        5686.2875976562500       0.79416032679354798     
          23                 9627                20189                35718   7160.1254882812500        5684.6962890625000       0.79393808088509932     
          24                 9630                20206                35699   7160.1254882812500        5681.6723632812500       0.79351575228398752     
          25                 9641                20196                35697   7160.1254882812500        5681.3540039062500       0.79347128946339585     
          26                 9638                20190                35706   7160.1254882812500        5682.7861328125000       0.79367130396154861     
          27                 9630                20229                35676   7160.1254882812500        5678.0117187500000       0.79300449804169237     
          28                 9631                20202                35702   7160.1254882812500        5682.1494140625000       0.79358237832036516     
          29                 9622                20182                35730   7160.1254882812500        5686.6059570312500       0.79420478961413976     
          30                 9639                20230                35666   7160.1254882812500        5676.4199218750000       0.79278218393873345     
          31                 9641                20197                35697   7160.1254882812500        5681.3540039062500       0.79347128946339585     
          32                 9626                20187                35721   7160.1254882812500        5685.1733398437500       0.79400470692147684     
          33                 9642                20208                35685   7160.1254882812500        5679.4438476562500       0.79320451253984525     
          34                 9628                20199                35707   7160.1254882812500        5682.9453125000000       0.79369353537184451     
          35                 9637                20200                35698   7160.1254882812500        5681.5131835937500       0.79349352087369174     
          36                 9641                20191                35702   7160.1254882812500        5682.1494140625000       0.79358237832036516     
          37                 9620                20196                35719   7160.1254882812500        5684.8554687500000       0.79396031229539510     
          38                 9641                20215                35679   7160.1254882812500        5678.4892578125000       0.79307119227257994     
          39                 9641                20182                35712   7160.1254882812500        5683.7412109375000       0.79380469242332397     
          40                 9630                20205                35700   7160.1254882812500        5681.8315429687500       0.79353798369428352     
          41                 9639                20177                35719   7160.1254882812500        5684.8554687500000       0.79396031229539510     
          42                 9650                20205                35680   7160.1254882812500        5678.6484375000000       0.79309342368287594     
          43                 9623                20188                35723   7160.1254882812500        5685.4916992187500       0.79404916974206863     
          44                 9627                20206                35702   7160.1254882812500        5682.1494140625000       0.79358237832036516     
          45                 9638                20202                35694   7160.1254882812500        5680.8764648437500       0.79340459523250817     
          46                 9635                20213                35686   7160.1254882812500        5679.6030273437500       0.79322674395014103     
          47                 9618                20206                35710   7160.1254882812500        5683.4228515625000       0.79376022960273218     
          48                 9627                20201                35707   7160.1254882812500        5682.9453125000000       0.79369353537184451     
          49                 9641                20195                35699   7160.1254882812500        5681.6723632812500       0.79351575228398752     
          50                 9623                20178                35733   7160.1254882812500        5687.0834960937500       0.79427148384502744     
          51                 9631                20188                35716   7160.1254882812500        5684.3779296875000       0.79389361806450753     
          52                 9643                20219                35673   7160.1254882812500        5677.5341796875000       0.79293780381080470     
          53                 9638                20214                35683   7160.1254882812500        5679.1254882812500       0.79316004971925347     
          54                 9631                20186                35717   7160.1254882812500        5684.5371093750000       0.79391584947480343     
          55                 9629                20191                35715   7160.1254882812500        5684.2187500000000       0.79387138665421164     
          56                 9630                20202                35702   7160.1254882812500        5682.1494140625000       0.79358237832036516     
          57                 9633                20191                35711   7160.1254882812500        5683.5820312500000       0.79378246101302807     
          58                 9640                20187                35708   7160.1254882812500        5683.1044921875000       0.79371576678214040     
          59                 9619                20198                35718   7160.1254882812500        5684.6962890625000       0.79393808088509932     
          60                 9617                20163                35755   7160.1254882812500        5690.5849609375000       0.79476050667702680     
          61                 9631                20190                35714   7160.1254882812500        5684.0595703125000       0.79384915524391575     
          62                 9638                20205                35692   7160.1254882812500        5680.5581054687500       0.79336013241191639     
          63                 9642                20204                35689   7160.1254882812500        5680.0805664062500       0.79329343818102871     
          64                 9632                20198                35705   7160.1254882812500        5682.6269531250000       0.79364907255125283     
          65                 9638                20205                35691   7160.1254882812500        5680.3989257812500       0.79333790100162049     
          66                 9638                20212                35685   7160.1254882812500        5679.4438476562500       0.79320451253984525     
          67                 9624                20186                35724   7160.1254882812500        5685.6508789062500       0.79407140115236441     
          68                 9643                20197                35695   7160.1254882812500        5681.0356445312500       0.79342682664280406     
          69                 9632                20179                35724   7160.1254882812500        5685.6508789062500       0.79407140115236441     
          70                 9641                20207                35686   7160.1254882812500        5679.6030273437500       0.79322674395014103     
          71                 9634                20238                35663   7160.1254882812500        5675.9423828125000       0.79271548970784589     
          72                 9634                20216                35684   7160.1254882812500        5679.2846679687500       0.79318228112954925     
          73                 9626                20249                35660   7160.1254882812500        5675.4653320312500       0.79264886367146836     
          74                 9635                20231                35668   7160.1254882812500        5676.7382812500000       0.79282664675932524     
          75                 9624                20192                35718   7160.1254882812500        5684.6962890625000       0.79393808088509932     
          76                 9621                20215                35699   7160.1254882812500        5681.6723632812500       0.79351575228398752     
          77                 9631                20224                35679   7160.1254882812500        5678.4892578125000       0.79307119227257994     
          78                 9620                20198                35717   7160.1254882812500        5684.5371093750000       0.79391584947480343     
          79                 9632                20205                35697   7160.1254882812500        5681.3540039062500       0.79347128946339585     
          80                 9633                20199                35702   7160.1254882812500        5682.1494140625000       0.79358237832036516     
          81                 9621                20233                35680   7160.1254882812500        5678.6484375000000       0.79309342368287594     
          82                 9615                20233                35687   7160.1254882812500        5679.7622070312500       0.79324897536043704     
          83                 9629                20215                35691   7160.1254882812500        5680.3989257812500       0.79333790100162049     
          84                 9643                20227                35665   7160.1254882812500        5676.2607421875000       0.79275995252843767     
          85                 9633                20216                35685   7160.1254882812500        5679.4438476562500       0.79320451253984525     
          86                 9646                20216                35672   7160.1254882812500        5677.3750000000000       0.79291557240050881     
          87                 9633                20181                35720   7160.1254882812500        5685.0146484375000       0.79398254370569110     
          88                 9620                20202                35713   7160.1254882812500        5683.9003906250000       0.79382692383361986     
          89                 9634                20188                35712   7160.1254882812500        5683.7412109375000       0.79380469242332397     
          90                 9617                20200                35718   7160.1254882812500        5684.6962890625000       0.79393808088509932     
          91                 9623                20187                35725   7160.1254882812500        5685.8100585937500       0.79409363256266041     
          92                 9638                20200                35697   7160.1254882812500        5681.3540039062500       0.79347128946339585     
          93                 9636                20188                35711   7160.1254882812500        5683.5820312500000       0.79378246101302807     
          94                 9645                20201                35688   7160.1254882812500        5679.9213867187500       0.79327120677073282     
          95                 9626                20169                35739   7160.1254882812500        5688.0385742187500       0.79440487230680268     
          96                 9644                20198                35692   7160.1254882812500        5680.5581054687500       0.79336013241191639     
          97                 9642                20194                35698   7160.1254882812500        5681.5131835937500       0.79349352087369174     
          98                 9620                20207                35707   7160.1254882812500        5682.9453125000000       0.79369353537184451     
          99                 9631                20225                35679   7160.1254882812500        5678.4892578125000       0.79307119227257994     
         100                 9630                20202                35703   7160.1254882812500        5682.3085937500000       0.79360460973066105     
         101                 9625                20213                35697   7160.1254882812500        5681.3540039062500       0.79347128946339585     
         102                 9629                20227                35679   7160.1254882812500        5678.4892578125000       0.79307119227257994     
         103                 9629                20226                35680   7160.1254882812500        5678.6484375000000       0.79309342368287594     
         104                 9634                20192                35709   7160.1254882812500        5683.2636718750000       0.79373799819243629     
         105                 9631                20186                35717   7160.1254882812500        5684.5371093750000       0.79391584947480343     
         106                 9630                20196                35709   7160.1254882812500        5683.2636718750000       0.79373799819243629     
         107                 9647                20197                35690   7160.1254882812500        5680.2397460937500       0.79331566959132460     
         108                 9628                20177                35730   7160.1254882812500        5686.6059570312500       0.79420478961413976     
         109                 9626                20229                35679   7160.1254882812500        5678.4892578125000       0.79307119227257994     
         110                 9636                20197                35702   7160.1254882812500        5682.1494140625000       0.79358237832036516     
         111                 9635                20204                35697   7160.1254882812500        5681.3540039062500       0.79347128946339585     
         112                 9634                20193                35708   7160.1254882812500        5683.1044921875000       0.79371576678214040     
         113                 9616                20176                35742   7160.1254882812500        5688.5156250000000       0.79447149834318032     
         114                 9652                20200                35683   7160.1254882812500        5679.1254882812500       0.79316004971925347     
         115                 9630                20220                35685   7160.1254882812500        5679.4438476562500       0.79320451253984525     
         116                 9627                20182                35726   7160.1254882812500        5685.9692382812500       0.79411586397295619     
         117                 9635                20210                35689   7160.1254882812500        5680.0805664062500       0.79329343818102871     
         118                 9622                20213                35700   7160.1254882812500        5681.8315429687500       0.79353798369428352     
         119                 9638                20205                35691   7160.1254882812500        5680.3989257812500       0.79333790100162049     
         120                 9633                20174                35727   7160.1254882812500        5686.1284179687500       0.79413809538325209     
         121                 9644                20174                35716   7160.1254882812500        5684.3779296875000       0.79389361806450753     
         122                 9642                20204                35689   7160.1254882812500        5680.0805664062500       0.79329343818102871     
         123                 9647                20221                35667   7160.1254882812500        5676.5791015625000       0.79280441534902946     
         124                 9633                20213                35689   7160.1254882812500        5680.0805664062500       0.79329343818102871     
         125                 9626                20197                35711   7160.1254882812500        5683.5820312500000       0.79378246101302807     
         126                 9645                20183                35707   7160.1254882812500        5682.9453125000000       0.79369353537184451     
         127                 9640                20189                35706   7160.1254882812500        5682.7861328125000       0.79367130396154861     
         128                 9634                20208                35694   7160.1254882812500        5680.8764648437500       0.79340459523250817     
         129                 9653                20180                35701   7160.1254882812500        5681.9902343750000       0.79356014691006926     
         130                 9621                20179                35734   7160.1254882812500        5687.2426757812500       0.79429371525532333     
         131                 9651                20202                35681   7160.1254882812500        5678.8071289062500       0.79311558689866168     
         132                 9628                20207                35700   7160.1254882812500        5681.8315429687500       0.79353798369428352     
         133                 9637                20190                35707   7160.1254882812500        5682.9453125000000       0.79369353537184451     
         134                 9642                20194                35699   7160.1254882812500        5681.6723632812500       0.79351575228398752     
         135                 9634                20240                35660   7160.1254882812500        5675.4653320312500       0.79264886367146836     
         136                 9618                20215                35701   7160.1254882812500        5681.9902343750000       0.79356014691006926     
         137                 9629                20204                35702   7160.1254882812500        5682.1494140625000       0.79358237832036516     
         138                 9632                20185                35718   7160.1254882812500        5684.6962890625000       0.79393808088509932     
         139                 9636                20203                35696   7160.1254882812500        5681.1948242187500       0.79344905805309995     
         140                 9635                20179                35721   7160.1254882812500        5685.1733398437500       0.79400470692147684     
         141                 9635                20175                35725   7160.1254882812500        5685.8100585937500       0.79409363256266041     
         142                 9637                20175                35722   7160.1254882812500        5685.3325195312500       0.79402693833177274     
         143                 9636                20187                35711   7160.1254882812500        5683.5820312500000       0.79378246101302807     
         144                 9635                20190                35709   7160.1254882812500        5683.2636718750000       0.79373799819243629     
         145                 9637                20191                35706   7160.1254882812500        5682.7861328125000       0.79367130396154861     
         146                 9620                20221                35694   7160.1254882812500        5680.8764648437500       0.79340459523250817     
         147                 9636                20192                35706   7160.1254882812500        5682.7861328125000       0.79367130396154861     
         148                 9633                20178                35723   7160.1254882812500        5685.4916992187500       0.79404916974206863     
         149                 9638                20222                35674   7160.1254882812500        5677.6933593750000       0.79296003522110059     
         150                 9632                20234                35669   7160.1254882812500        5676.8974609375000       0.79284887816962113     
         151                 9627                20214                35694   7160.1254882812500        5680.8764648437500       0.79340459523250817     
         152                 9616                20218                35700   7160.1254882812500        5681.8315429687500       0.79353798369428352     
         153                 9636                20213                35685   7160.1254882812500        5679.4438476562500       0.79320451253984525     
         154                 9648                20204                35683   7160.1254882812500        5679.1254882812500       0.79316004971925347     
         155                 9645                20183                35707   7160.1254882812500        5682.9453125000000       0.79369353537184451     
         156                 9627                20188                35720   7160.1254882812500        5685.0146484375000       0.79398254370569110     
         157                 9651                20193                35691   7160.1254882812500        5680.3989257812500       0.79333790100162049     
         158                 9635                20173                35727   7160.1254882812500        5686.1284179687500       0.79413809538325209     
         159                 9636                20204                35695   7160.1254882812500        5681.0356445312500       0.79342682664280406     
         160                 9620                20202                35712   7160.1254882812500        5683.7412109375000       0.79380469242332397     
         161                 9648                20219                35667   7160.1254882812500        5676.5791015625000       0.79280441534902946     
         162                 9623                20210                35701   7160.1254882812500        5681.9902343750000       0.79356014691006926     
         163                 9633                20161                35741   7160.1254882812500        5688.3564453125000       0.79444926693288442     
         164                 9646                20214                35675   7160.1254882812500        5677.8525390625000       0.79298226663139648     
         165                 9647                20204                35684   7160.1254882812500        5679.2846679687500       0.79318228112954925     
         166                 9640                20211                35683   7160.1254882812500        5679.1254882812500       0.79316004971925347     
         167                 9642                20219                35673   7160.1254882812500        5677.5341796875000       0.79293780381080470     
         168                 9620                20185                35730   7160.1254882812500        5686.6059570312500       0.79420478961413976     
         169                 9642                20178                35715   7160.1254882812500        5684.2187500000000       0.79387138665421164     
         170                 9627                20194                35714   7160.1254882812500        5684.0595703125000       0.79384915524391575     
         171                 9636                20170                35729   7160.1254882812500        5686.4467773437500       0.79418255820384387     
         172                 9649                20161                35725   7160.1254882812500        5685.8100585937500       0.79409363256266041     
         173                 9626                20191                35718   7160.1254882812500        5684.6962890625000       0.79393808088509932     
         174                 9640                20198                35697   7160.1254882812500        5681.3540039062500       0.79347128946339585     
         175                 9632                20177                35725   7160.1254882812500        5685.8100585937500       0.79409363256266041     
         176                 9627                20180                35727   7160.1254882812500        5686.1284179687500       0.79413809538325209     
         177                 9630                20201                35704   7160.1254882812500        5682.4677734375000       0.79362684114095683     
         178                 9627                20182                35726   7160.1254882812500        5685.9692382812500       0.79411586397295619     
         179                 9633                20182                35720   7160.1254882812500        5685.0146484375000       0.79398254370569110     
         180                 9632                20210                35693   7160.1254882812500        5680.7172851562500       0.79338236382221228     
         181                 9630                20203                35701   7160.1254882812500        5681.9902343750000       0.79356014691006926     
         182                 9639                20193                35703   7160.1254882812500        5682.3085937500000       0.79360460973066105     
         183                 9647                20187                35700   7160.1254882812500        5681.8315429687500       0.79353798369428352     
         184                 9650                20221                35664   7160.1254882812500        5676.1015625000000       0.79273772111814167     
         185                 9631                20202                35701   7160.1254882812500        5681.9902343750000       0.79356014691006926     
         186                 9624                20207                35703   7160.1254882812500        5682.3085937500000       0.79360460973066105     
         187                 9638                20194                35702   7160.1254882812500        5682.1494140625000       0.79358237832036516     
         188                 9647                20157                35731   7160.1254882812500        5686.7651367187500       0.79422702102443565     
         189                 9638                20192                35705   7160.1254882812500        5682.6269531250000       0.79364907255125283     
         190                 9628                20224                35683   7160.1254882812500        5679.1254882812500       0.79316004971925347     
         191                 9640                20201                35693   7160.1254882812500        5680.7172851562500       0.79338236382221228     
         192                 9637                20201                35697   7160.1254882812500        5681.3540039062500       0.79347128946339585     
         193                 9620                20212                35703   7160.1254882812500        5682.3085937500000       0.79360460973066105     
         194                 9628                20210                35696   7160.1254882812500        5681.1948242187500       0.79344905805309995     
         195                 9639                20203                35692   7160.1254882812500        5680.5581054687500       0.79336013241191639     
         196                 9636                20165                35733   7160.1254882812500        5687.0834960937500       0.79427148384502744     
         197                 9637                20206                35692   7160.1254882812500        5680.5581054687500       0.79336013241191639     
         198                 9630                20179                35726   7160.1254882812500        5685.9692382812500       0.79411586397295619     
         199                 9635                20198                35701   7160.1254882812500        5681.9902343750000       0.79356014691006926     
         200                 9618                20252                35665   7160.1254882812500        5676.2607421875000       0.79275995252843767     
         201                 9614                20209                35712   7160.1254882812500        5683.7412109375000       0.79380469242332397     
         202                 9635                20212                35687   7160.1254882812500        5679.7622070312500       0.79324897536043704     
         203                 9615                20199                35721   7160.1254882812500        5685.1733398437500       0.79400470692147684     
         204                 9624                20201                35710   7160.1254882812500        5683.4228515625000       0.79376022960273218     
         205                 9622                20174                35739   7160.1254882812500        5688.0385742187500       0.79440487230680268     
         206                 9629                20206                35700   7160.1254882812500        5681.8315429687500       0.79353798369428352     
         207                 9648                20193                35694   7160.1254882812500        5680.8764648437500       0.79340459523250817     
         208                 9638                20179                35718   7160.1254882812500        5684.6962890625000       0.79393808088509932     
         209                 9641                20200                35693   7160.1254882812500        5680.7172851562500       0.79338236382221228     
         210                 9633                20200                35701   7160.1254882812500        5681.9902343750000       0.79356014691006926     
         211                 9634                20207                35693   7160.1254882812500        5680.7172851562500       0.79338236382221228     
         212                 9614                20176                35745   7160.1254882812500        5688.9931640625000       0.79453819257406799     
         213                 9627                20204                35704   7160.1254882812500        5682.4677734375000       0.79362684114095683     
         214                 9640                20224                35670   7160.1254882812500        5677.0566406250000       0.79287110957991702     
         215                 9622                20204                35709   7160.1254882812500        5683.2636718750000       0.79373799819243629     
         216                 9647                20217                35670   7160.1254882812500        5677.0566406250000       0.79287110957991702     
         217                 9630                20181                35724   7160.1254882812500        5685.6508789062500       0.79407140115236441     
         218                 9637                20199                35698   7160.1254882812500        5681.5131835937500       0.79349352087369174     
         219                 9635                20194                35705   7160.1254882812500        5682.6269531250000       0.79364907255125283     
         220                 9637                20221                35676   7160.1254882812500        5678.0117187500000       0.79300449804169237     
         221                 9632                20194                35708   7160.1254882812500        5683.1044921875000       0.79371576678214040     
         222                 9627                20197                35711   7160.1254882812500        5683.5820312500000       0.79378246101302807     
         223                 9623                20206                35706   7160.1254882812500        5682.7861328125000       0.79367130396154861     
         224                 9627                20202                35706   7160.1254882812500        5682.7861328125000       0.79367130396154861     
         225                 9640                20199                35696   7160.1254882812500        5681.1948242187500       0.79344905805309995     
         226                 9640                20198                35697   7160.1254882812500        5681.3540039062500       0.79347128946339585     
         227                 9634                20212                35688   7160.1254882812500        5679.9213867187500       0.79327120677073282     
         228                 9625                20191                35719   7160.1254882812500        5684.8554687500000       0.79396031229539510     
         229                 9635                20174                35726   7160.1254882812500        5685.9692382812500       0.79411586397295619     
         230                 9640                20182                35713   7160.1254882812500        5683.9003906250000       0.79382692383361986     
         231                 9614                20209                35712   7160.1254882812500        5683.7412109375000       0.79380469242332397     
         232                 9640                20213                35682   7160.1254882812500        5678.9663085937500       0.79313781830895758     
         233                 9631                20197                35707   7160.1254882812500        5682.9453125000000       0.79369353537184451     
         234                 9641                20231                35662   7160.1254882812500        5675.7832031250000       0.79269325829755000     
         235                 9621                20176                35737   7160.1254882812500        5687.7202148437500       0.79436040948621101     
         236                 9638                20191                35706   7160.1254882812500        5682.7861328125000       0.79367130396154861     
         237                 9626                20201                35707   7160.1254882812500        5682.9453125000000       0.79369353537184451     
         238                 9643                20235                35657   7160.1254882812500        5674.9877929687500       0.79258216944058069     
         239                 9636                20167                35732   7160.1254882812500        5686.9243164062500       0.79424925243473155     
         240                 9641                20181                35712   7160.1254882812500        5683.7412109375000       0.79380469242332397     
         241                 9654                20198                35682   7160.1254882812500        5678.9663085937500       0.79313781830895758     
         242                 9639                20182                35713   7160.1254882812500        5683.9003906250000       0.79382692383361986     
         243                 9644                20192                35698   7160.1254882812500        5681.5131835937500       0.79349352087369174     
         244                 9632                20206                35697   7160.1254882812500        5681.3540039062500       0.79347128946339585     
         245                 9633                20221                35681   7160.1254882812500        5678.8071289062500       0.79311558689866168     
         246                 9625                20209                35700   7160.1254882812500        5681.8315429687500       0.79353798369428352     
         247                 9638                20189                35708   7160.1254882812500        5683.1044921875000       0.79371576678214040     
         248                 9632                20174                35729   7160.1254882812500        5686.4467773437500       0.79418255820384387     
         249                 9631                20204                35699   7160.1254882812500        5681.6723632812500       0.79351575228398752     
         250                 9651                20211                35672   7160.1254882812500        5677.3750000000000       0.79291557240050881     
         251                 9626                20216                35692   7160.1254882812500        5680.5581054687500       0.79336013241191639     
         252                 9626                20200                35709   7160.1254882812500        5683.2636718750000       0.79373799819243629     
         253                 9630                20226                35679   7160.1254882812500        5678.4892578125000       0.79307119227257994     
         254                 9633                20217                35684   7160.1254882812500        5679.2846679687500       0.79318228112954925     
         255                 9619                20202                35713   7160.1254882812500        5683.9003906250000       0.79382692383361986     
         256                 9632                20197                35705   7160.1254882812500        5682.6269531250000       0.79364907255125283     
         257                 9639                20196                35700   7160.1254882812500        5681.8315429687500       0.79353798369428352     
         258                 9627                20203                35704   7160.1254882812500        5682.4677734375000       0.79362684114095683     
         259                 9640                20200                35695   7160.1254882812500        5681.0356445312500       0.79342682664280406     
         260                 9642                20186                35706   7160.1254882812500        5682.7861328125000       0.79367130396154861     
         261                 9643                20178                35714   7160.1254882812500        5684.0595703125000       0.79384915524391575     
         262                 9635                20172                35727   7160.1254882812500        5686.1284179687500       0.79413809538325209     
         263                 9627                20233                35675   7160.1254882812500        5677.8525390625000       0.79298226663139648     
         264                 9641                20190                35703   7160.1254882812500        5682.3085937500000       0.79360460973066105     
         265                 9637                20207                35691   7160.1254882812500        5680.3989257812500       0.79333790100162049     
         266                 9652                20170                35713   7160.1254882812500        5683.9003906250000       0.79382692383361986     
         267                 9637                20169                35729   7160.1254882812500        5686.4467773437500       0.79418255820384387     
         268                 9643                20163                35729   7160.1254882812500        5686.4467773437500       0.79418255820384387     
         269                 9641                20184                35710   7160.1254882812500        5683.4228515625000       0.79376022960273218     
         270                 9627                20199                35709   7160.1254882812500        5683.2636718750000       0.79373799819243629     
         271                 9646                20224                35665   7160.1254882812500        5676.2607421875000       0.79275995252843767     
         272                 9638                20212                35684   7160.1254882812500        5679.2846679687500       0.79318228112954925     
         273                 9631                20196                35708   7160.1254882812500        5683.1044921875000       0.79371576678214040     
         274                 9630                20207                35697   7160.1254882812500        5681.3540039062500       0.79347128946339585     
         275                 9625                20185                35724   7160.1254882812500        5685.6508789062500       0.79407140115236441     
         276                 9635                20196                35703   7160.1254882812500        5682.3085937500000       0.79360460973066105     
         277                 9629                20200                35706   7160.1254882812500        5682.7861328125000       0.79367130396154861     
         278                 9639                20220                35675   7160.1254882812500        5677.8525390625000       0.79298226663139648     
         279                 9627                20191                35717   7160.1254882812500        5684.5371093750000       0.79391584947480343     
         280                 9621                20221                35692   7160.1254882812500        5680.5581054687500       0.79336013241191639     
         281                 9629                20205                35701   7160.1254882812500        5681.9902343750000       0.79356014691006926     
         282                 9636                20210                35689   7160.1254882812500        5680.0805664062500       0.79329343818102871     
         283                 9635                20242                35658   7160.1254882812500        5675.1469726562500       0.79260440085087658     
         284                 9633                20174                35727   7160.1254882812500        5686.1284179687500       0.79413809538325209     
         285                 9644                20211                35679   7160.1254882812500        5678.4892578125000       0.79307119227257994     
         286                 9635                20200                35700   7160.1254882812500        5681.8315429687500       0.79353798369428352     
         287                 9627                20194                35714   7160.1254882812500        5684.0595703125000       0.79384915524391575     
         288                 9622                20218                35695   7160.1254882812500        5681.0356445312500       0.79342682664280406     
         289                 9622                20223                35690   7160.1254882812500        5680.2397460937500       0.79331566959132460     
         290                 9628                20206                35700   7160.1254882812500        5681.8315429687500       0.79353798369428352     
         291                 9617                20195                35723   7160.1254882812500        5685.4916992187500       0.79404916974206863     
         292                 9635                20195                35704   7160.1254882812500        5682.4677734375000       0.79362684114095683     
         293                 9638                20208                35689   7160.1254882812500        5680.0805664062500       0.79329343818102871     
         294                 9629                20204                35701   7160.1254882812500        5681.9902343750000       0.79356014691006926     
         295                 9642                20189                35703   7160.1254882812500        5682.3085937500000       0.79360460973066105     
         296                 9630                20196                35709   7160.1254882812500        5683.2636718750000       0.79373799819243629     
         297                 9636                20174                35724   7160.1254882812500        5685.6508789062500       0.79407140115236441     
         298                 9626                20195                35714   7160.1254882812500        5684.0595703125000       0.79384915524391575     
         299                 9637                20223                35675   7160.1254882812500        5677.8525390625000       0.79298226663139648     
         300                 9633                20196                35706   7160.1254882812500        5682.7861328125000       0.79367130396154861     
         301                 9634                20207                35693   7160.1254882812500        5680.7172851562500       0.79338236382221228     
         302                 9642                20223                35670   7160.1254882812500        5677.0566406250000       0.79287110957991702     
         303                 9615                20185                35735   7160.1254882812500        5687.4018554687500       0.79431594666561922     
         304                 9635                20229                35670   7160.1254882812500        5677.0566406250000       0.79287110957991702     
         305                 9631                20189                35715   7160.1254882812500        5684.2187500000000       0.79387138665421164     
         306                 9640                20186                35708   7160.1254882812500        5683.1044921875000       0.79371576678214040     
         307                 9627                20178                35730   7160.1254882812500        5686.6059570312500       0.79420478961413976     
         308                 9633                20197                35705   7160.1254882812500        5682.6269531250000       0.79364907255125283     
         309                 9625                20179                35731   7160.1254882812500        5686.7651367187500       0.79422702102443565     
         310                 9637                20189                35708   7160.1254882812500        5683.1044921875000       0.79371576678214040     
         311                 9633                20167                35734   7160.1254882812500        5687.2426757812500       0.79429371525532333     
         312                 9639                20191                35704   7160.1254882812500        5682.4677734375000       0.79362684114095683     
         313                 9641                20174                35720   7160.1254882812500        5685.0146484375000       0.79398254370569110     
         314                 9641                20183                35711   7160.1254882812500        5683.5820312500000       0.79378246101302807     
         315                 9643                20180                35712   7160.1254882812500        5683.7412109375000       0.79380469242332397     
         316                 9659                20216                35660   7160.1254882812500        5675.4653320312500       0.79264886367146836     
         317                 9639                20198                35697   7160.1254882812500        5681.3540039062500       0.79347128946339585     
         318                 9631                20169                35735   7160.1254882812500        5687.4018554687500       0.79431594666561922     
         319                 9642                20202                35691   7160.1254882812500        5680.3989257812500       0.79333790100162049     
         320                 9641                20182                35712   7160.1254882812500        5683.7412109375000       0.79380469242332397     
         321                 9636                20176                35723   7160.1254882812500        5685.4916992187500       0.79404916974206863     
         322                 9639                20196                35700   7160.1254882812500        5681.8315429687500       0.79353798369428352     
         323                 9643                20162                35729   7160.1254882812500        5686.4467773437500       0.79418255820384387     
         324                 9636                20179                35719   7160.1254882812500        5684.8554687500000       0.79396031229539510     
         325                 9642                20171                35722   7160.1254882812500        5685.3325195312500       0.79402693833177274     
         326                 9618                20168                35749   7160.1254882812500        5689.6298828125000       0.79462711821525145     
         327                 9626                20173                35735   7160.1254882812500        5687.4018554687500       0.79431594666561922     
         328                 9628                20188                35719   7160.1254882812500        5684.8554687500000       0.79396031229539510     
         329                 9631                20213                35690   7160.1254882812500        5680.2397460937500       0.79331566959132460     
         330                 9630                20210                35695   7160.1254882812500        5681.0356445312500       0.79342682664280406     
         331                 9629                20199                35707   7160.1254882812500        5682.9453125000000       0.79369353537184451     
         332                 9631                20177                35727   7160.1254882812500        5686.1284179687500       0.79413809538325209     
         333                 9628                20167                35740   7160.1254882812500        5688.1972656250000       0.79442703552258853     
         334                 9641                20168                35726   7160.1254882812500        5685.9692382812500       0.79411586397295619     
         335                 9634                20214                35687   7160.1254882812500        5679.7622070312500       0.79324897536043704     
         336                 9639                20234                35662   7160.1254882812500        5675.7832031250000       0.79269325829755000     
         337                 9643                20193                35699   7160.1254882812500        5681.6723632812500       0.79351575228398752     
         338                 9642                20200                35692   7160.1254882812500        5680.5581054687500       0.79336013241191639     
         339                 9651                20193                35691   7160.1254882812500        5680.3989257812500       0.79333790100162049     
         340                 9634                20179                35722   7160.1254882812500        5685.3325195312500       0.79402693833177274     
         341                 9632                20202                35701   7160.1254882812500        5681.9902343750000       0.79356014691006926     
         342                 9632                20203                35699   7160.1254882812500        5681.6723632812500       0.79351575228398752     
         343                 9625                20223                35686   7160.1254882812500        5679.6030273437500       0.79322674395014103     
         344                 9636                20207                35691   7160.1254882812500        5680.3989257812500       0.79333790100162049     
         345                 9630                20193                35712   7160.1254882812500        5683.7412109375000       0.79380469242332397     
         346                 9634                20182                35718   7160.1254882812500        5684.6962890625000       0.79393808088509932     
         347                 9627                20209                35698   7160.1254882812500        5681.5131835937500       0.79349352087369174     
         348                 9641                20240                35653   7160.1254882812500        5674.3510742187500       0.79249324379939712     
         349                 9624                20194                35716   7160.1254882812500        5684.3779296875000       0.79389361806450753     
         350                 9638                20194                35703   7160.1254882812500        5682.3085937500000       0.79360460973066105     
         351                 9645                20191                35698   7160.1254882812500        5681.5131835937500       0.79349352087369174     
         352                 9632                20228                35674   7160.1254882812500        5677.6933593750000       0.79296003522110059     
         353                 9636                20248                35650   7160.1254882812500        5673.8735351562500       0.79242654956850944     
         354                 9646                20230                35659   7160.1254882812500        5675.3061523437500       0.79262663226117236     
         355                 9635                20197                35703   7160.1254882812500        5682.3085937500000       0.79360460973066105     
         356                 9614                20234                35686   7160.1254882812500        5679.6030273437500       0.79322674395014103     
         357                 9626                20212                35696   7160.1254882812500        5681.1948242187500       0.79344905805309995     
         358                 9640                20181                35714   7160.1254882812500        5684.0595703125000       0.79384915524391575     
         359                 9627                20221                35686   7160.1254882812500        5679.6030273437500       0.79322674395014103     
         360                 9639                20201                35694   7160.1254882812500        5680.8764648437500       0.79340459523250817     
         361                 9642                20206                35686   7160.1254882812500        5679.6030273437500       0.79322674395014103     
         362                 9648                20249                35638   7160.1254882812500        5671.9638671875000       0.79215984083946900     
         363                 9621                20227                35686   7160.1254882812500        5679.6030273437500       0.79322674395014103     
         364                 9624                20217                35693   7160.1254882812500        5680.7172851562500       0.79338236382221228     
         365                 9632                20163                35740   7160.1254882812500        5688.1972656250000       0.79442703552258853     
         366                 9628                20192                35715   7160.1254882812500        5684.2187500000000       0.79387138665421164     
         367                 9633                20164                35737   7160.1254882812500        5687.7202148437500       0.79436040948621101     
         368                 9641                20213                35681   7160.1254882812500        5678.8071289062500       0.79311558689866168     
         369                 9624                20219                35692   7160.1254882812500        5680.5581054687500       0.79336013241191639     
         370                 9620                20207                35707   7160.1254882812500        5682.9453125000000       0.79369353537184451     
         371                 9627                20190                35718   7160.1254882812500        5684.6962890625000       0.79393808088509932     
         372                 9626                20198                35711   7160.1254882812500        5683.5820312500000       0.79378246101302807     
         373                 9634                20192                35708   7160.1254882812500        5683.1044921875000       0.79371576678214040     
         374                 9629                20239                35666   7160.1254882812500        5676.4199218750000       0.79278218393873345     
         375                 9625                20213                35696   7160.1254882812500        5681.1948242187500       0.79344905805309995     
         376                 9630                20182                35723   7160.1254882812500        5685.4916992187500       0.79404916974206863     
         377                 9639                20223                35672   7160.1254882812500        5677.3750000000000       0.79291557240050881     
         378                 9647                20219                35668   7160.1254882812500        5676.7382812500000       0.79282664675932524     
         379                 9642                20207                35686   7160.1254882812500        5679.6030273437500       0.79322674395014103     
         380                 9632                20197                35706   7160.1254882812500        5682.7861328125000       0.79367130396154861     
         381                 9631                20202                35702   7160.1254882812500        5682.1494140625000       0.79358237832036516     
         382                 9642                20211                35682   7160.1254882812500        5678.9663085937500       0.79313781830895758     
         383                 9635                20213                35687   7160.1254882812500        5679.7622070312500       0.79324897536043704     
         384                 9637                20196                35702   7160.1254882812500        5682.1494140625000       0.79358237832036516     
         385                 9640                20174                35721   7160.1254882812500        5685.1733398437500       0.79400470692147684     
         386                 9627                20237                35670   7160.1254882812500        5677.0566406250000       0.79287110957991702     
         387                 9614                20146                35774   7160.1254882812500        5693.6088867187500       0.79518283527813849     
         388                 9636                20188                35710   7160.1254882812500        5683.4228515625000       0.79376022960273218     
         389                 9634                20226                35674   7160.1254882812500        5677.6933593750000       0.79296003522110059     
         390                 9612                20206                35717   7160.1254882812500        5684.5371093750000       0.79391584947480343     
         391                 9628                20203                35704   7160.1254882812500        5682.4677734375000       0.79362684114095683     
         392                 9627                20211                35697   7160.1254882812500        5681.3540039062500       0.79347128946339585     
         393                 9632                20203                35700   7160.1254882812500        5681.8315429687500       0.79353798369428352     
         394                 9644                20198                35692   7160.1254882812500        5680.5581054687500       0.79336013241191639     
         395                 9628                20230                35677   7160.1254882812500        5678.1708984375000       0.79302672945198827     
         396                 9635                20210                35690   7160.1254882812500        5680.2397460937500       0.79331566959132460     
         397                 9632                20210                35693   7160.1254882812500        5680.7172851562500       0.79338236382221228     
         398                 9632                20194                35709   7160.1254882812500        5683.2636718750000       0.79373799819243629     
         399                 9642                20225                35667   7160.1254882812500        5676.5791015625000       0.79280441534902946     
         400                 9619                20212                35704   7160.1254882812500        5682.4677734375000       0.79362684114095683     
         401                 9631                20224                35679   7160.1254882812500        5678.4892578125000       0.79307119227257994     
         402                 9638                20194                35703   7160.1254882812500        5682.3085937500000       0.79360460973066105     
         403                 9638                20245                35651   7160.1254882812500        5674.0327148437500       0.79244878097880533     
         404                 9629                20199                35707   7160.1254882812500        5682.9453125000000       0.79369353537184451     
         405                 9629                20203                35703   7160.1254882812500        5682.3085937500000       0.79360460973066105     
         406                 9630                20194                35710   7160.1254882812500        5683.4228515625000       0.79376022960273218     
         407                 9638                20188                35709   7160.1254882812500        5683.2636718750000       0.79373799819243629     
         408                 9633                20190                35712   7160.1254882812500        5683.7412109375000       0.79380469242332397     
         409                 9642                20201                35692   7160.1254882812500        5680.5581054687500       0.79336013241191639     
         410                 9638                20205                35692   7160.1254882812500        5680.5581054687500       0.79336013241191639     
         411                 9629                20179                35727   7160.1254882812500        5686.1284179687500       0.79413809538325209     
         412                 9623                20202                35710   7160.1254882812500        5683.4228515625000       0.79376022960273218     
         413                 9627                20215                35693   7160.1254882812500        5680.7172851562500       0.79338236382221228     
         414                 9638                20216                35680   7160.1254882812500        5678.6484375000000       0.79309342368287594     
         415                 9631                20201                35702   7160.1254882812500        5682.1494140625000       0.79358237832036516     
         416                 9632                20218                35685   7160.1254882812500        5679.4438476562500       0.79320451253984525     
         417                 9630                20212                35692   7160.1254882812500        5680.5581054687500       0.79336013241191639     
         418                 9633                20221                35680   7160.1254882812500        5678.6484375000000       0.79309342368287594     
         419                 9647                20203                35685   7160.1254882812500        5679.4438476562500       0.79320451253984525     
         420                 9628                20207                35700   7160.1254882812500        5681.8315429687500       0.79353798369428352     
         421                 9622                20183                35730   7160.1254882812500        5686.6059570312500       0.79420478961413976     
         422                 9642                20184                35708   7160.1254882812500        5683.1044921875000       0.79371576678214040     
         423                 9645                20243                35646   7160.1254882812500        5673.2368164062500       0.79233762392732587     
         424                 9642                20213                35679   7160.1254882812500        5678.4892578125000       0.79307119227257994     
         425                 9614                20224                35697   7160.1254882812500        5681.3540039062500       0.79347128946339585     
         426                 9642                20204                35689   7160.1254882812500        5680.0805664062500       0.79329343818102871     
         427                 9625                20217                35693   7160.1254882812500        5680.7172851562500       0.79338236382221228     
         428                 9630                20182                35722   7160.1254882812500        5685.3325195312500       0.79402693833177274     
         429                 9640                20201                35694   7160.1254882812500        5680.8764648437500       0.79340459523250817     
         430                 9629                20180                35726   7160.1254882812500        5685.9692382812500       0.79411586397295619     
         431                 9636                20187                35712   7160.1254882812500        5683.7412109375000       0.79380469242332397     
         432                 9650                20213                35672   7160.1254882812500        5677.3750000000000       0.79291557240050881     
         433                 9644                20182                35709   7160.1254882812500        5683.2636718750000       0.79373799819243629     
         434                 9645                20172                35718   7160.1254882812500        5684.6962890625000       0.79393808088509932     
         435                 9628                20176                35730   7160.1254882812500        5686.6059570312500       0.79420478961413976     
         436                 9638                20183                35714   7160.1254882812500        5684.0595703125000       0.79384915524391575     
         437                 9638                20179                35718   7160.1254882812500        5684.6962890625000       0.79393808088509932     
         438                 9629                20210                35696   7160.1254882812500        5681.1948242187500       0.79344905805309995     
         439                 9629                20202                35703   7160.1254882812500        5682.3085937500000       0.79360460973066105     
         440                 9634                20213                35687   7160.1254882812500        5679.7622070312500       0.79324897536043704     
         441                 9636                20195                35704   7160.1254882812500        5682.4677734375000       0.79362684114095683     
         442                 9639                20183                35712   7160.1254882812500        5683.7412109375000       0.79380469242332397     
         443                 9625                20142                35768   7160.1254882812500        5692.6538085937500       0.79504944681636314     
         444                 9648                20190                35697   7160.1254882812500        5681.3540039062500       0.79347128946339585     
         445                 9631                20225                35678   7160.1254882812500        5678.3300781250000       0.79304896086228416     
         446                 9623                20192                35720   7160.1254882812500        5685.0146484375000       0.79398254370569110     
         447                 9652                20222                35660   7160.1254882812500        5675.4653320312500       0.79264886367146836     
         448                 9628                20215                35691   7160.1254882812500        5680.3989257812500       0.79333790100162049     
         449                 9617                20161                35756   7160.1254882812500        5690.7441406250000       0.79478273808732269     
         450                 9638                20191                35705   7160.1254882812500        5682.6269531250000       0.79364907255125283     
         451                 9645                20200                35690   7160.1254882812500        5680.2397460937500       0.79331566959132460     
         452                 9633                20171                35731   7160.1254882812500        5686.7651367187500       0.79422702102443565     
         453                 9624                20174                35736   7160.1254882812500        5687.5610351562500       0.79433817807591511     
         454                 9651                20204                35680   7160.1254882812500        5678.6484375000000       0.79309342368287594     
         455                 9634                20206                35694   7160.1254882812500        5680.8764648437500       0.79340459523250817     
         456                 9628                20225                35682   7160.1254882812500        5678.9663085937500       0.79313781830895758     
         457                 9640                20210                35685   7160.1254882812500        5679.4438476562500       0.79320451253984525     
         458                 9625                20197                35713   7160.1254882812500        5683.9003906250000       0.79382692383361986     
         459                 9642                20197                35696   7160.1254882812500        5681.1948242187500       0.79344905805309995     
         460                 9633                20209                35693   7160.1254882812500        5680.7172851562500       0.79338236382221228     
         461                 9621                20205                35709   7160.1254882812500        5683.2636718750000       0.79373799819243629     
         462                 9637                20208                35689   7160.1254882812500        5680.0805664062500       0.79329343818102871     
         463                 9633                20199                35702   7160.1254882812500        5682.1494140625000       0.79358237832036516     
         464                 9628                20200                35706   7160.1254882812500        5682.7861328125000       0.79367130396154861     
         465                 9625                20150                35760   7160.1254882812500        5691.3803710937500       0.79487159553399611     
         466                 9635                20198                35701   7160.1254882812500        5681.9902343750000       0.79356014691006926     
         467                 9628                20227                35679   7160.1254882812500        5678.4892578125000       0.79307119227257994     
         468                 9637                20232                35666   7160.1254882812500        5676.4199218750000       0.79278218393873345     
         469                 9630                20214                35690   7160.1254882812500        5680.2397460937500       0.79331566959132460     
         470                 9624                20180                35731   7160.1254882812500        5686.7651367187500       0.79422702102443565     
         471                 9619                20198                35717   7160.1254882812500        5684.5371093750000       0.79391584947480343     
         472                 9637                20210                35688   7160.1254882812500        5679.9213867187500       0.79327120677073282     
         473                 9616                20176                35742   7160.1254882812500        5688.5156250000000       0.79447149834318032     
         474                 9633                20179                35723   7160.1254882812500        5685.4916992187500       0.79404916974206863     
         475                 9624                20222                35689   7160.1254882812500        5680.0805664062500       0.79329343818102871     
         476                 9637                20210                35687   7160.1254882812500        5679.7622070312500       0.79324897536043704     
         477                 9640                20196                35698   7160.1254882812500        5681.5131835937500       0.79349352087369174     
         478                 9626                20187                35721   7160.1254882812500        5685.1733398437500       0.79400470692147684     
         479                 9628                20186                35721   7160.1254882812500        5685.1733398437500       0.79400470692147684     
         480                 9626                20217                35691   7160.1254882812500        5680.3989257812500       0.79333790100162049     
         481                 9623                20219                35693   7160.1254882812500        5680.7172851562500       0.79338236382221228     
         482                 9607                20201                35727   7160.1254882812500        5686.1284179687500       0.79413809538325209     
         483                 9636                20188                35711   7160.1254882812500        5683.5820312500000       0.79378246101302807     
         484                 9639                20217                35679   7160.1254882812500        5678.4892578125000       0.79307119227257994     
         485                 9624                20199                35711   7160.1254882812500        5683.5820312500000       0.79378246101302807     
         486                 9626                20186                35723   7160.1254882812500        5685.4916992187500       0.79404916974206863     
         487                 9642                20213                35680   7160.1254882812500        5678.6484375000000       0.79309342368287594     
         488                 9632                20197                35706   7160.1254882812500        5682.7861328125000       0.79367130396154861     
         489                 9644                20188                35702   7160.1254882812500        5682.1494140625000       0.79358237832036516     
         490                 9627                20207                35701   7160.1254882812500        5681.9902343750000       0.79356014691006926     
         491                 9625                20183                35727   7160.1254882812500        5686.1284179687500       0.79413809538325209     
         492                 9633                20192                35710   7160.1254882812500        5683.4228515625000       0.79376022960273218     
         493                 9641                20188                35705   7160.1254882812500        5682.6269531250000       0.79364907255125283     
         494                 9621                20230                35684   7160.1254882812500        5679.2846679687500       0.79318228112954925     
         495                 9630                20183                35722   7160.1254882812500        5685.3325195312500       0.79402693833177274     
         496                 9634                20191                35709   7160.1254882812500        5683.2636718750000       0.79373799819243629     
         497                 9630                20225                35680   7160.1254882812500        5678.6484375000000       0.79309342368287594     
         498                 9636                20173                35726   7160.1254882812500        5685.9692382812500       0.79411586397295619     
         499                 9641                20197                35697   7160.1254882812500        5681.3540039062500       0.79347128946339585     
         500                 9634                20193                35708   7160.1254882812500        5683.1044921875000       0.79371576678214040     
