 Tiempo InterPos InterNeg InterPN IdealR MeasuredR Rho
           1                 2762                  678                12942   7160.1254882812500        2059.7832031250000       0.28767417645070348     
           2                 2700                  649                13034   7160.1254882812500        2074.4255371093750       0.28971915932262937     
           3                 2728                  674                12981   7160.1254882812500        2065.9902343750000       0.28854106506322275     
           4                 2692                  635                13055   7160.1254882812500        2077.7678222656250       0.29018595074433284     
           5                 2730                  670                12982   7160.1254882812500        2066.1494140625000       0.28856329647351864     
           6                 2809                  688                12886   7160.1254882812500        2050.8706054687500       0.28642942205766431     
           7                 2786                  677                12919   7160.1254882812500        2056.1225585937500       0.28716292220840833     
           8                 2749                  683                12951   7160.1254882812500        2061.2155761718750       0.28787422504611138     
           9                 2762                  693                12927   7160.1254882812500        2057.3959960937500       0.28734077349077536     
          10                 2745                  668                12969   7160.1254882812500        2064.0803222656250       0.28827432223692728     
          11                 2769                  678                12935   7160.1254882812500        2058.6691894531250       0.28751859067588736     
          12                 2789                  657                12936   7160.1254882812500        2058.8283691406250       0.28754082208618326     
          13                 2824                  687                12871   7160.1254882812500        2048.4831542968750       0.28609598500048117     
          14                 2747                  666                12971   7160.1254882812500        2064.3986816406250       0.28831878505751896     
          15                 2743                  676                12963   7160.1254882812500        2063.1254882812500       0.28814096787240695     
          16                 2821                  674                12887   7160.1254882812500        2051.0297851562500       0.28645165346796020     
          17                 2809                  695                12878   7160.1254882812500        2049.5974121093750       0.28625160487255230     
          18                 2768                  685                12930   7160.1254882812500        2057.8732910156250       0.28740743362440802     
          19                 2774                  664                12944   7160.1254882812500        2060.1015625000000       0.28771863927129526     
          20                 2780                  681                12922   7160.1254882812500        2056.6000976562500       0.28722961643929590     
          21                 2783                  679                12920   7160.1254882812500        2056.2817382812500       0.28718515361870423     
          22                 2737                  666                12980   7160.1254882812500        2065.8310546875000       0.28851883365292685     
          23                 2776                  669                12938   7160.1254882812500        2059.1464843750000       0.28758525080952002     
          24                 2739                  685                12958   7160.1254882812500        2062.3295898437500       0.28802981082092760     
          25                 2768                  676                12938   7160.1254882812500        2059.1464843750000       0.28758525080952002     
          26                 2756                  669                12957   7160.1254882812500        2062.1706542968750       0.28800761350788673     
          27                 2754                  708                12920   7160.1254882812500        2056.2817382812500       0.28718515361870423     
          28                 2746                  681                12955   7160.1254882812500        2061.8522949218750       0.28796315068729494     
          29                 2724                  662                12997   7160.1254882812500        2068.5366210937500       0.28889669943344687     
          30                 2742                  709                12931   7160.1254882812500        2058.0324707031250       0.28742966503470380     
          31                 2720                  676                12986   7160.1254882812500        2066.7861328125000       0.28865222211470221     
          32                 2768                  667                12948   7160.1254882812500        2060.7380371093750       0.28780753081522381     
          33                 2763                  687                12932   7160.1254882812500        2058.1916503906250       0.28745189644499969     
          34                 2742                  678                12962   7160.1254882812500        2062.9663085937500       0.28811873646211106     
          35                 2781                  679                12922   7160.1254882812500        2056.6000976562500       0.28722961643929590     
          36                 2728                  670                12985   7160.1254882812500        2066.6269531250000       0.28862999070440631     
          37                 2758                  675                12950   7160.1254882812500        2061.0563964843750       0.28785199363581548     
          38                 2839                  694                12849   7160.1254882812500        2044.9818115234375       0.28560697921710931     
          39                 2813                  661                12909   7160.1254882812500        2054.5310058593750       0.28694064220270454     
          40                 2775                  685                12923   7160.1254882812500        2056.7592773437500       0.28725184784959179     
          41                 2736                  656                12991   7160.1254882812500        2067.5817871093750       0.28876334506892654     
          42                 2789                  684                12910   7160.1254882812500        2054.6901855468750       0.28696287361300044     
          43                 2765                  668                12950   7160.1254882812500        2061.0563964843750       0.28785199363581548     
          44                 2789                  686                12908   7160.1254882812500        2054.3720703125000       0.28691844488966367     
          45                 2799                  682                12902   7160.1254882812500        2053.4169921875000       0.28678505642788832     
          46                 2742                  692                12948   7160.1254882812500        2060.7380371093750       0.28780753081522381     
          47                 2793                  686                12904   7160.1254882812500        2053.7353515625000       0.28682951924848010     
          48                 2751                  680                12952   7160.1254882812500        2061.3747558593750       0.28789645645640727     
          49                 2798                  674                12911   7160.1254882812500        2054.8493652343750       0.28698510502329622     
          50                 2729                  658                12996   7160.1254882812500        2068.3776855468750       0.28887450212040600     
          51                 2761                  667                12954   7160.1254882812500        2061.6931152343750       0.28794091927699905     
          52                 2793                  698                12892   7160.1254882812500        2051.8254394531250       0.28656277642218453     
          53                 2794                  693                12895   7160.1254882812500        2052.3029785156250       0.28662947065307220     
          54                 2759                  666                12957   7160.1254882812500        2062.1706542968750       0.28800761350788673     
          55                 2788                  670                12925   7160.1254882812500        2057.0776367187500       0.28729631067018357     
          56                 2749                  681                12952   7160.1254882812500        2061.3747558593750       0.28789645645640727     
          57                 2801                  670                12912   7160.1254882812500        2055.0085449218750       0.28700733643359211     
          58                 2750                  666                12966   7160.1254882812500        2063.6030273437500       0.28820766210329463     
          59                 2808                  677                12897   7160.1254882812500        2052.6213378906250       0.28667393347366399     
          60                 2766                  642                12975   7160.1254882812500        2065.0354003906250       0.28840771069870252     
          61                 2743                  669                12970   7160.1254882812500        2064.2395019531250       0.28829655364722306     
          62                 2751                  684                12947   7160.1254882812500        2060.5791015625000       0.28778533350218294     
          63                 2772                  683                12927   7160.1254882812500        2057.3959960937500       0.28734077349077536     
          64                 2756                  678                12949   7160.1254882812500        2060.8972167968750       0.28782976222551970     
          65                 2745                  685                12953   7160.1254882812500        2061.5339355468750       0.28791868786670316     
          66                 2756                  691                12935   7160.1254882812500        2058.6691894531250       0.28751859067588736     
          67                 2761                  665                12956   7160.1254882812500        2062.0114746093750       0.28798538209759084     
          68                 2724                  676                12982   7160.1254882812500        2066.1494140625000       0.28856329647351864     
          69                 2725                  658                12999   7160.1254882812500        2068.8549804687500       0.28894116225403865     
          70                 2758                  687                12938   7160.1254882812500        2059.1464843750000       0.28758525080952002     
          71                 2781                  717                12885   7160.1254882812500        2050.7114257812500       0.28640719064736841     
          72                 2783                  696                12904   7160.1254882812500        2053.7353515625000       0.28682951924848010     
          73                 2860                  728                12794   7160.1254882812500        2036.2282714843750       0.28438443918573841     
          74                 2858                  711                12814   7160.1254882812500        2039.4113769531250       0.28482899919714599     
          75                 2800                  672                12911   7160.1254882812500        2054.8493652343750       0.28698510502329622     
          76                 2860                  694                12829   7160.1254882812500        2041.7987060546875       0.28516241920570173     
          77                 2824                  703                12856   7160.1254882812500        2046.0959472656250       0.28576258204055294     
          78                 2755                  678                12950   7160.1254882812500        2061.0563964843750       0.28785199363581548     
          79                 2784                  685                12914   7160.1254882812500        2055.3269042968750       0.28705179925418389     
          80                 2757                  679                12947   7160.1254882812500        2060.5791015625000       0.28778533350218294     
          81                 2828                  712                12842   7160.1254882812500        2043.8676757812500       0.28545137639366558     
          82                 2826                  712                12844   7160.1254882812500        2044.1860351562500       0.28549583921425736     
          83                 2828                  694                12860   7160.1254882812500        2046.7325439453125       0.28585149063310900     
          84                 2764                  706                12913   7160.1254882812500        2055.1677246093750       0.28702956784388800     
          85                 2814                  696                12873   7160.1254882812500        2048.8015136718750       0.28614044782107284     
          86                 2773                  695                12914   7160.1254882812500        2055.3269042968750       0.28705179925418389     
          87                 2787                  661                12934   7160.1254882812500        2058.5100097656250       0.28749635926559147     
          88                 2822                  682                12879   7160.1254882812500        2049.7563476562500       0.28627380218559317     
          89                 2827                  667                12888   7160.1254882812500        2051.1889648437500       0.28647388487825609     
          90                 2811                  679                12893   7160.1254882812500        2051.9846191406250       0.28658500783248042     
          91                 2799                  666                12917   7160.1254882812500        2055.8044433593750       0.28711849348507157     
          92                 2719                  679                12984   7160.1254882812500        2066.4677734375000       0.28860775929411042     
          93                 2730                  667                12985   7160.1254882812500        2066.6269531250000       0.28862999070440631     
          94                 2752                  680                12950   7160.1254882812500        2061.0563964843750       0.28785199363581548     
          95                 2738                  648                12996   7160.1254882812500        2068.3776855468750       0.28887450212040600     
          96                 2755                  678                12950   7160.1254882812500        2061.0563964843750       0.28785199363581548     
          97                 2723                  674                12986   7160.1254882812500        2066.7861328125000       0.28865222211470221     
          98                 2781                  687                12915   7160.1254882812500        2055.4860839843750       0.28707403066447978     
          99                 2773                  704                12905   7160.1254882812500        2053.8945312500000       0.28685175065877599     
         100                 2794                  681                12908   7160.1254882812500        2054.3720703125000       0.28691844488966367     
         101                 2775                  692                12916   7160.1254882812500        2055.6452636718750       0.28709626207477568     
         102                 2785                  706                12892   7160.1254882812500        2051.8254394531250       0.28656277642218453     
         103                 2821                  705                12856   7160.1254882812500        2046.0959472656250       0.28576258204055294     
         104                 2812                  671                12899   7160.1254882812500        2052.9394531250000       0.28671836219700075     
         105                 2783                  666                12934   7160.1254882812500        2058.5100097656250       0.28749635926559147     
         106                 2802                  675                12906   7160.1254882812500        2054.0537109375000       0.28687398206907189     
         107                 2767                  677                12939   7160.1254882812500        2059.3056640625000       0.28760748221981591     
         108                 2766                  656                12961   7160.1254882812500        2062.8071289062500       0.28809650505181517     
         109                 2831                  708                12843   7160.1254882812500        2044.0268554687500       0.28547360780396147     
         110                 2810                  676                12897   7160.1254882812500        2052.6213378906250       0.28667393347366399     
         111                 2806                  683                12894   7160.1254882812500        2052.1437988281250       0.28660723924277631     
         112                 2788                  672                12923   7160.1254882812500        2056.7592773437500       0.28725184784959179     
         113                 2745                  656                12982   7160.1254882812500        2066.1494140625000       0.28856329647351864     
         114                 2765                  679                12939   7160.1254882812500        2059.3056640625000       0.28760748221981591     
         115                 2759                  699                12925   7160.1254882812500        2057.0776367187500       0.28729631067018357     
         116                 2748                  662                12972   7160.1254882812500        2064.5578613281250       0.28834101646781485     
         117                 2744                  690                12949   7160.1254882812500        2060.8972167968750       0.28782976222551970     
         118                 2751                  692                12939   7160.1254882812500        2059.3056640625000       0.28760748221981591     
         119                 2767                  684                12931   7160.1254882812500        2058.0324707031250       0.28742966503470380     
         120                 2705                  654                13023   7160.1254882812500        2072.6748046875000       0.28947464790662969     
         121                 2693                  653                13036   7160.1254882812500        2074.7438964843750       0.28976362214322116     
         122                 2705                  683                12994   7160.1254882812500        2068.0593261718750       0.28883003929981421     
         123                 2702                  700                12980   7160.1254882812500        2065.8310546875000       0.28851883365292685     
         124                 2702                  692                12988   7160.1254882812500        2067.1042480468750       0.28869665083803897     
         125                 2730                  676                12976   7160.1254882812500        2065.1945800781250       0.28842994210899842     
         126                 2705                  662                13015   7160.1254882812500        2071.4016113281250       0.28929683072151768     
         127                 2705                  668                13010   7160.1254882812500        2070.6057128906250       0.28918567367003822     
         128                 2807                  687                12889   7160.1254882812500        2051.3479003906250       0.28649608219129696     
         129                 2723                  659                13001   7160.1254882812500        2069.1733398437500       0.28898562507463033     
         130                 2770                  659                12954   7160.1254882812500        2061.6931152343750       0.28794091927699905     
         131                 2711                  682                12990   7160.1254882812500        2067.4226074218750       0.28874111365863064     
         132                 2714                  686                12982   7160.1254882812500        2066.1494140625000       0.28856329647351864     
         133                 2732                  669                12982   7160.1254882812500        2066.1494140625000       0.28856329647351864     
         134                 2772                  673                12938   7160.1254882812500        2059.1464843750000       0.28758525080952002     
         135                 2774                  719                12889   7160.1254882812500        2051.3479003906250       0.28649608219129696     
         136                 2786                  694                12902   7160.1254882812500        2053.4169921875000       0.28678505642788832     
         137                 2857                  683                12842   7160.1254882812500        2043.8676757812500       0.28545137639366558     
         138                 2792                  664                12927   7160.1254882812500        2057.3959960937500       0.28734077349077536     
         139                 2780                  682                12920   7160.1254882812500        2056.2817382812500       0.28718515361870423     
         140                 2722                  658                13003   7160.1254882812500        2069.4916992187500       0.28903008789522211     
         141                 2786                  654                12942   7160.1254882812500        2059.7832031250000       0.28767417645070348     
         142                 2717                  655                13011   7160.1254882812500        2070.7648925781250       0.28920790508033412     
         143                 2733                  666                12983   7160.1254882812500        2066.3085937500000       0.28858552788381453     
         144                 2758                  669                12955   7160.1254882812500        2061.8522949218750       0.28796315068729494     
         145                 2775                  670                12937   7160.1254882812500        2058.9875488281250       0.28756305349647915     
         146                 2773                  700                12909   7160.1254882812500        2054.5310058593750       0.28694064220270454     
         147                 2780                  671                12931   7160.1254882812500        2058.0324707031250       0.28742966503470380     
         148                 2763                  658                12962   7160.1254882812500        2062.9663085937500       0.28811873646211106     
         149                 2832                  702                12849   7160.1254882812500        2044.9818115234375       0.28560697921710931     
         150                 2817                  713                12852   7160.1254882812500        2045.4592285156250       0.28567365639936937     
         151                 2829                  694                12860   7160.1254882812500        2046.7325439453125       0.28585149063310900     
         152                 2807                  698                12877   7160.1254882812500        2049.4382324218750       0.28622937346225641     
         153                 2765                  693                12925   7160.1254882812500        2057.0776367187500       0.28729631067018357     
         154                 2792                  684                12907   7160.1254882812500        2054.2128906250000       0.28689621347936778     
         155                 2760                  662                12960   7160.1254882812500        2062.6479492187500       0.28807427364151927     
         156                 2740                  668                12974   7160.1254882812500        2064.8762207031250       0.28838547928840663     
         157                 2731                  672                12979   7160.1254882812500        2065.6718750000000       0.28849660224263107     
         158                 2759                  652                12971   7160.1254882812500        2064.3986816406250       0.28831878505751896     
         159                 2741                  683                12959   7160.1254882812500        2062.4887695312500       0.28805204223122349     
         160                 2732                  682                12969   7160.1254882812500        2064.0803222656250       0.28827432223692728     
         161                 2763                  698                12921   7160.1254882812500        2056.4409179687500       0.28720738502900001     
         162                 2781                  690                12912   7160.1254882812500        2055.0085449218750       0.28700733643359211     
         163                 2770                  641                12972   7160.1254882812500        2064.5578613281250       0.28834101646781485     
         164                 2725                  694                12964   7160.1254882812500        2063.2846679687500       0.28816319928270284     
         165                 2757                  683                12943   7160.1254882812500        2059.9423828125000       0.28769640786099937     
         166                 2768                  691                12924   7160.1254882812500        2056.9184570312500       0.28727407925988768     
         167                 2760                  699                12924   7160.1254882812500        2056.9184570312500       0.28727407925988768     
         168                 2772                  664                12947   7160.1254882812500        2060.5791015625000       0.28778533350218294     
         169                 2758                  657                12967   7160.1254882812500        2063.7622070312500       0.28822989351359052     
         170                 2754                  673                12956   7160.1254882812500        2062.0114746093750       0.28798538209759084     
         171                 2674                  649                13060   7160.1254882812500        2078.5634765625000       0.29029707369855717     
         172                 2703                  641                13039   7160.1254882812500        2075.2211914062500       0.28983028227685370     
         173                 2767                  670                12946   7160.1254882812500        2060.4199218750000       0.28776310209188705     
         174                 2690                  677                13015   7160.1254882812500        2071.4016113281250       0.28929683072151768     
         175                 2688                  657                13038   7160.1254882812500        2075.0620117187500       0.28980805086655792     
         176                 2722                  659                13001   7160.1254882812500        2069.1733398437500       0.28898562507463033     
         177                 2729                  680                12973   7160.1254882812500        2064.7170410156250       0.28836324787811074     
         178                 2731                  661                12990   7160.1254882812500        2067.4226074218750       0.28874111365863064     
         179                 2797                  662                12924   7160.1254882812500        2056.9184570312500       0.28727407925988768     
         180                 2772                  689                12922   7160.1254882812500        2056.6000976562500       0.28722961643929590     
         181                 2811                  683                12889   7160.1254882812500        2051.3479003906250       0.28649608219129696     
         182                 2755                  673                12955   7160.1254882812500        2061.8522949218750       0.28796315068729494     
         183                 2717                  667                12999   7160.1254882812500        2068.8549804687500       0.28894116225403865     
         184                 2808                  700                12875   7160.1254882812500        2049.1198730468750       0.28618491064166462     
         185                 2791                  682                12910   7160.1254882812500        2054.6901855468750       0.28696287361300044     
         186                 2771                  686                12925   7160.1254882812500        2057.0776367187500       0.28729631067018357     
         187                 2732                  674                12977   7160.1254882812500        2065.3537597656250       0.28845217351929431     
         188                 2731                  636                13015   7160.1254882812500        2071.4016113281250       0.28929683072151768     
         189                 2760                  672                12951   7160.1254882812500        2061.2155761718750       0.28787422504611138     
         190                 2777                  703                12902   7160.1254882812500        2053.4169921875000       0.28678505642788832     
         191                 2757                  680                12946   7160.1254882812500        2060.4199218750000       0.28776310209188705     
         192                 2805                  680                12898   7160.1254882812500        2052.7805175781250       0.28669616488395988     
         193                 2779                  692                12912   7160.1254882812500        2055.0085449218750       0.28700733643359211     
         194                 2768                  690                12925   7160.1254882812500        2057.0776367187500       0.28729631067018357     
         195                 2801                  683                12899   7160.1254882812500        2052.9394531250000       0.28671836219700075     
         196                 2765                  645                12973   7160.1254882812500        2064.7170410156250       0.28836324787811074     
         197                 2775                  686                12922   7160.1254882812500        2056.6000976562500       0.28722961643929590     
         198                 2765                  658                12959   7160.1254882812500        2062.4887695312500       0.28805204223122349     
         199                 2746                  678                12958   7160.1254882812500        2062.3295898437500       0.28802981082092760     
         200                 2887                  731                12764   7160.1254882812500        2031.4536132812500       0.28371759916862704     
         201                 2840                  688                12855   7160.1254882812500        2045.9367675781250       0.28574035063025705     
         202                 2794                  692                12898   7160.1254882812500        2052.7805175781250       0.28669616488395988     
         203                 2800                  678                12905   7160.1254882812500        2053.8945312500000       0.28685175065877599     
         204                 2780                  680                12922   7160.1254882812500        2056.6000976562500       0.28722961643929590     
         205                 2786                  653                12943   7160.1254882812500        2059.9423828125000       0.28769640786099937     
         206                 2782                  685                12915   7160.1254882812500        2055.4860839843750       0.28707403066447978     
         207                 2746                  672                12965   7160.1254882812500        2063.4438476562500       0.28818543069299873     
         208                 2813                  658                12912   7160.1254882812500        2055.0085449218750       0.28700733643359211     
         209                 2752                  679                12951   7160.1254882812500        2061.2155761718750       0.28787422504611138     
         210                 2800                  680                12903   7160.1254882812500        2053.5761718750000       0.28680728783818421     
         211                 2817                  687                12878   7160.1254882812500        2049.5974121093750       0.28625160487255230     
         212                 2766                  656                12961   7160.1254882812500        2062.8071289062500       0.28809650505181517     
         213                 2847                  683                12852   7160.1254882812500        2045.4592285156250       0.28567365639936937     
         214                 2731                  703                12948   7160.1254882812500        2060.7380371093750       0.28780753081522381     
         215                 2778                  683                12921   7160.1254882812500        2056.4409179687500       0.28720738502900001     
         216                 2734                  697                12952   7160.1254882812500        2061.3747558593750       0.28789645645640727     
         217                 2714                  660                13008   7160.1254882812500        2070.2873535156250       0.28914121084944655     
         218                 2785                  679                12919   7160.1254882812500        2056.1225585937500       0.28716292220840833     
         219                 2713                  674                12995   7160.1254882812500        2068.2185058593750       0.28885227071011010     
         220                 2747                  700                12935   7160.1254882812500        2058.6691894531250       0.28751859067588736     
         221                 2783                  673                12926   7160.1254882812500        2057.2368164062500       0.28731854208047947     
         222                 2743                  676                12963   7160.1254882812500        2063.1254882812500       0.28814096787240695     
         223                 2834                  685                12864   7160.1254882812500        2047.3691406250000       0.28594039922566494     
         224                 2745                  681                12956   7160.1254882812500        2062.0114746093750       0.28798538209759084     
         225                 2737                  678                12968   7160.1254882812500        2063.9211425781250       0.28825209082663139     
         226                 2742                  677                12963   7160.1254882812500        2063.1254882812500       0.28814096787240695     
         227                 2789                  692                12902   7160.1254882812500        2053.4169921875000       0.28678505642788832     
         228                 2766                  670                12947   7160.1254882812500        2060.5791015625000       0.28778533350218294     
         229                 2742                  653                12987   7160.1254882812500        2066.9450683593750       0.28867441942774308     
         230                 2744                  661                12978   7160.1254882812500        2065.5126953125000       0.28847437083233518     
         231                 2814                  688                12881   7160.1254882812500        2050.0747070312500       0.28631826500618485     
         232                 2826                  692                12864   7160.1254882812500        2047.3691406250000       0.28594039922566494     
         233                 2804                  676                12902   7160.1254882812500        2053.4169921875000       0.28678505642788832     
         234                 2801                  711                12871   7160.1254882812500        2048.4831542968750       0.28609598500048117     
         235                 2749                  656                12978   7160.1254882812500        2065.5126953125000       0.28847437083233518     
         236                 2775                  670                12938   7160.1254882812500        2059.1464843750000       0.28758525080952002     
         237                 2787                  681                12915   7160.1254882812500        2055.4860839843750       0.28707403066447978     
         238                 2831                  714                12838   7160.1254882812500        2043.2310791015625       0.28536246780110963     
         239                 2717                  647                13019   7160.1254882812500        2072.0380859375000       0.28938572226544612     
         240                 2693                  661                13029   7160.1254882812500        2073.6296386718750       0.28960800227114991     
         241                 2784                  678                12921   7160.1254882812500        2056.4409179687500       0.28720738502900001     
         242                 2742                  662                12979   7160.1254882812500        2065.6718750000000       0.28849660224263107     
         243                 2768                  672                12943   7160.1254882812500        2059.9423828125000       0.28769640786099937     
         244                 2761                  685                12937   7160.1254882812500        2058.9875488281250       0.28756305349647915     
         245                 2795                  700                12887   7160.1254882812500        2051.0297851562500       0.28645165346796020     
         246                 2768                  689                12926   7160.1254882812500        2057.2368164062500       0.28731854208047947     
         247                 2807                  669                12907   7160.1254882812500        2054.2128906250000       0.28689621347936778     
         248                 2772                  653                12957   7160.1254882812500        2062.1706542968750       0.28800761350788673     
         249                 2833                  683                12866   7160.1254882812500        2047.6875000000000       0.28598486204625673     
         250                 2805                  690                12888   7160.1254882812500        2051.1889648437500       0.28647388487825609     
         251                 2795                  696                12892   7160.1254882812500        2051.8254394531250       0.28656277642218453     
         252                 2785                  679                12918   7160.1254882812500        2055.9633789062500       0.28714069079811244     
         253                 2794                  705                12883   7160.1254882812500        2050.3930664062500       0.28636272782677663     
         254                 2815                  697                12871   7160.1254882812500        2048.4831542968750       0.28609598500048117     
         255                 2734                  682                12967   7160.1254882812500        2063.7622070312500       0.28822989351359052     
         256                 2740                  676                12966   7160.1254882812500        2063.6030273437500       0.28820766210329463     
         257                 2762                  676                12945   7160.1254882812500        2060.2607421875000       0.28774087068159115     
         258                 2774                  683                12926   7160.1254882812500        2057.2368164062500       0.28731854208047947     
         259                 2759                  679                12944   7160.1254882812500        2060.1015625000000       0.28771863927129526     
         260                 2761                  666                12956   7160.1254882812500        2062.0114746093750       0.28798538209759084     
         261                 2721                  657                13004   7160.1254882812500        2069.6508789062500       0.28905231930551800     
         262                 2715                  652                13016   7160.1254882812500        2071.5607910156250       0.28931906213181358     
         263                 2817                  712                12853   7160.1254882812500        2045.6184082031250       0.28569588780966526     
         264                 2787                  669                12927   7160.1254882812500        2057.3959960937500       0.28734077349077536     
         265                 2736                  687                12960   7160.1254882812500        2062.6479492187500       0.28807427364151927     
         266                 2689                  650                13043   7160.1254882812500        2075.8579101562500       0.28991920791803727     
         267                 2697                  648                13038   7160.1254882812500        2075.0620117187500       0.28980805086655792     
         268                 2693                  643                13047   7160.1254882812500        2076.4943847656250       0.29000809946196582     
         269                 2734                  663                12986   7160.1254882812500        2066.7861328125000       0.28865222211470221     
         270                 2789                  679                12915   7160.1254882812500        2055.4860839843750       0.28707403066447978     
         271                 2805                  703                12874   7160.1254882812500        2048.9606933593750       0.28616267923136873     
         272                 2745                  692                12946   7160.1254882812500        2060.4199218750000       0.28776310209188705     
         273                 2790                  675                12917   7160.1254882812500        2055.8044433593750       0.28711849348507157     
         274                 2799                  687                12897   7160.1254882812500        2052.6213378906250       0.28667393347366399     
         275                 2740                  665                12978   7160.1254882812500        2065.5126953125000       0.28847437083233518     
         276                 2797                  676                12909   7160.1254882812500        2054.5310058593750       0.28694064220270454     
         277                 2741                  679                12962   7160.1254882812500        2062.9663085937500       0.28811873646211106     
         278                 2794                  699                12889   7160.1254882812500        2051.3479003906250       0.28649608219129696     
         279                 2852                  670                12860   7160.1254882812500        2046.7325439453125       0.28585149063310900     
         280                 2842                  700                12841   7160.1254882812500        2043.7086181640625       0.28542916203199731     
         281                 2749                  684                12949   7160.1254882812500        2060.8972167968750       0.28782976222551970     
         282                 2816                  689                12877   7160.1254882812500        2049.4382324218750       0.28622937346225641     
         283                 2781                  721                12880   7160.1254882812500        2049.9155273437500       0.28629603359588907     
         284                 2739                  654                12989   7160.1254882812500        2067.2634277343750       0.28871888224833486     
         285                 2755                  690                12937   7160.1254882812500        2058.9875488281250       0.28756305349647915     
         286                 2784                  680                12919   7160.1254882812500        2056.1225585937500       0.28716292220840833     
         287                 2766                  673                12943   7160.1254882812500        2059.9423828125000       0.28769640786099937     
         288                 2796                  697                12889   7160.1254882812500        2051.3479003906250       0.28649608219129696     
         289                 2828                  702                12852   7160.1254882812500        2045.4592285156250       0.28567365639936937     
         290                 2792                  686                12904   7160.1254882812500        2053.7353515625000       0.28682951924848010     
         291                 2834                  674                12875   7160.1254882812500        2049.1198730468750       0.28618491064166462     
         292                 2841                  675                12867   7160.1254882812500        2047.8465576171875       0.28600707640792511     
         293                 2758                  687                12937   7160.1254882812500        2058.9875488281250       0.28756305349647915     
         294                 2772                  683                12928   7160.1254882812500        2057.5549316406250       0.28736297080381623     
         295                 2789                  669                12925   7160.1254882812500        2057.0776367187500       0.28729631067018357     
         296                 2798                  675                12909   7160.1254882812500        2054.5310058593750       0.28694064220270454     
         297                 2768                  654                12961   7160.1254882812500        2062.8071289062500       0.28809650505181517     
         298                 2790                  674                12918   7160.1254882812500        2055.9633789062500       0.28714069079811244     
         299                 2767                  703                12913   7160.1254882812500        2055.1677246093750       0.28702956784388800     
         300                 2746                  675                12961   7160.1254882812500        2062.8071289062500       0.28809650505181517     
         301                 2737                  686                12959   7160.1254882812500        2062.4887695312500       0.28805204223122349     
         302                 2785                  702                12896   7160.1254882812500        2052.4621582031250       0.28665170206336810     
         303                 2795                  664                12923   7160.1254882812500        2056.7592773437500       0.28725184784959179     
         304                 2784                  709                12889   7160.1254882812500        2051.3479003906250       0.28649608219129696     
         305                 2727                  668                12988   7160.1254882812500        2067.1042480468750       0.28869665083803897     
         306                 2761                  666                12956   7160.1254882812500        2062.0114746093750       0.28798538209759084     
         307                 2762                  657                12964   7160.1254882812500        2063.2846679687500       0.28816319928270284     
         308                 2758                  676                12948   7160.1254882812500        2060.7380371093750       0.28780753081522381     
         309                 2727                  658                12997   7160.1254882812500        2068.5366210937500       0.28889669943344687     
         310                 2737                  669                12976   7160.1254882812500        2065.1945800781250       0.28842994210899842     
         311                 2691                  647                13045   7160.1254882812500        2076.1762695312500       0.28996367073862905     
         312                 2749                  671                12962   7160.1254882812500        2062.9663085937500       0.28811873646211106     
         313                 2739                  654                12990   7160.1254882812500        2067.4226074218750       0.28874111365863064     
         314                 2680                  663                13040   7160.1254882812500        2075.3803710937500       0.28985251368714959     
         315                 2714                  659                13009   7160.1254882812500        2070.4465332031250       0.28916344225974244     
         316                 2778                  695                12909   7160.1254882812500        2054.5310058593750       0.28694064220270454     
         317                 2793                  678                12912   7160.1254882812500        2055.0085449218750       0.28700733643359211     
         318                 2755                  648                12979   7160.1254882812500        2065.6718750000000       0.28849660224263107     
         319                 2754                  681                12947   7160.1254882812500        2060.5791015625000       0.28778533350218294     
         320                 2723                  661                12999   7160.1254882812500        2068.8549804687500       0.28894116225403865     
         321                 2697                  655                13030   7160.1254882812500        2073.7888183593750       0.28963023368144580     
         322                 2733                  675                12975   7160.1254882812500        2065.0354003906250       0.28840771069870252     
         323                 2665                  642                13076   7160.1254882812500        2081.1098632812500       0.29065270806878130     
         324                 2715                  659                13009   7160.1254882812500        2070.4465332031250       0.28916344225974244     
         325                 2731                  650                13002   7160.1254882812500        2069.3325195312500       0.28900785648492622     
         326                 2757                  647                12979   7160.1254882812500        2065.6718750000000       0.28849660224263107     
         327                 2722                  653                13008   7160.1254882812500        2070.2873535156250       0.28914121084944655     
         328                 2760                  667                12955   7160.1254882812500        2061.8522949218750       0.28796315068729494     
         329                 2805                  693                12885   7160.1254882812500        2050.7114257812500       0.28640719064736841     
         330                 2791                  689                12903   7160.1254882812500        2053.5761718750000       0.28680728783818421     
         331                 2790                  678                12914   7160.1254882812500        2055.3269042968750       0.28705179925418389     
         332                 2793                  656                12933   7160.1254882812500        2058.3508300781250       0.28747412785529558     
         333                 2754                  646                12982   7160.1254882812500        2066.1494140625000       0.28856329647351864     
         334                 2719                  648                13016   7160.1254882812500        2071.5607910156250       0.28931906213181358     
         335                 2808                  694                12881   7160.1254882812500        2050.0747070312500       0.28631826500618485     
         336                 2805                  713                12865   7160.1254882812500        2047.5283203125000       0.28596263063596083     
         337                 2767                  672                12943   7160.1254882812500        2059.9423828125000       0.28769640786099937     
         338                 2752                  680                12951   7160.1254882812500        2061.2155761718750       0.28787422504611138     
         339                 2752                  672                12958   7160.1254882812500        2062.3295898437500       0.28802981082092760     
         340                 2777                  659                12947   7160.1254882812500        2060.5791015625000       0.28778533350218294     
         341                 2857                  681                12844   7160.1254882812500        2044.1860351562500       0.28549583921425736     
         342                 2768                  683                12932   7160.1254882812500        2058.1916503906250       0.28745189644499969     
         343                 2837                  702                12843   7160.1254882812500        2044.0268554687500       0.28547360780396147     
         344                 2774                  687                12922   7160.1254882812500        2056.6000976562500       0.28722961643929590     
         345                 2791                  672                12919   7160.1254882812500        2056.1225585937500       0.28716292220840833     
         346                 2794                  662                12927   7160.1254882812500        2057.3959960937500       0.28734077349077536     
         347                 2777                  689                12917   7160.1254882812500        2055.8044433593750       0.28711849348507157     
         348                 2795                  719                12868   7160.1254882812500        2048.0058593750000       0.28602932486684851     
         349                 2736                  673                12973   7160.1254882812500        2064.7170410156250       0.28836324787811074     
         350                 2752                  673                12958   7160.1254882812500        2062.3295898437500       0.28802981082092760     
         351                 2787                  671                12926   7160.1254882812500        2057.2368164062500       0.28731854208047947     
         352                 2808                  708                12867   7160.1254882812500        2047.8465576171875       0.28600707640792511     
         353                 2849                  728                12805   7160.1254882812500        2037.9790039062500       0.28462895060173810     
         354                 2810                  709                12864   7160.1254882812500        2047.3691406250000       0.28594039922566494     
         355                 2802                  676                12904   7160.1254882812500        2053.7353515625000       0.28682951924848010     
         356                 2834                  714                12835   7160.1254882812500        2042.7536621093750       0.28529579061884947     
         357                 2839                  692                12852   7160.1254882812500        2045.4592285156250       0.28567365639936937     
         358                 2751                  660                12972   7160.1254882812500        2064.5578613281250       0.28834101646781485     
         359                 2790                  701                12892   7160.1254882812500        2051.8254394531250       0.28656277642218453     
         360                 2778                  681                12924   7160.1254882812500        2056.9184570312500       0.28727407925988768     
         361                 2777                  686                12920   7160.1254882812500        2056.2817382812500       0.28718515361870423     
         362                 2801                  729                12852   7160.1254882812500        2045.4592285156250       0.28567365639936937     
         363                 2813                  706                12864   7160.1254882812500        2047.3691406250000       0.28594039922566494     
         364                 2790                  696                12896   7160.1254882812500        2052.4621582031250       0.28665170206336810     
         365                 2737                  642                13004   7160.1254882812500        2069.6508789062500       0.28905231930551800     
         366                 2771                  671                12940   7160.1254882812500        2059.4648437500000       0.28762971363011181     
         367                 2712                  643                13027   7160.1254882812500        2073.3112792968750       0.28956353945055824     
         368                 2761                  692                12930   7160.1254882812500        2057.8732910156250       0.28740743362440802     
         369                 2792                  699                12892   7160.1254882812500        2051.8254394531250       0.28656277642218453     
         370                 2796                  686                12900   7160.1254882812500        2053.0986328125000       0.28674059360729665     
         371                 2771                  669                12943   7160.1254882812500        2059.9423828125000       0.28769640786099937     
         372                 2800                  677                12905   7160.1254882812500        2053.8945312500000       0.28685175065877599     
         373                 2776                  672                12935   7160.1254882812500        2058.6691894531250       0.28751859067588736     
         374                 2869                  718                12795   7160.1254882812500        2036.3874511718750       0.28440667059603431     
         375                 2797                  692                12894   7160.1254882812500        2052.1437988281250       0.28660723924277631     
         376                 2776                  661                12946   7160.1254882812500        2060.4199218750000       0.28776310209188705     
         377                 2794                  703                12886   7160.1254882812500        2050.8706054687500       0.28642942205766431     
         378                 2778                  699                12906   7160.1254882812500        2054.0537109375000       0.28687398206907189     
         379                 2768                  686                12929   7160.1254882812500        2057.7141113281250       0.28738520221411212     
         380                 2754                  676                12953   7160.1254882812500        2061.5339355468750       0.28791868786670316     
         381                 2756                  681                12946   7160.1254882812500        2060.4199218750000       0.28776310209188705     
         382                 2738                  691                12954   7160.1254882812500        2061.6931152343750       0.28794091927699905     
         383                 2787                  692                12904   7160.1254882812500        2053.7353515625000       0.28682951924848010     
         384                 2768                  675                12939   7160.1254882812500        2059.3056640625000       0.28760748221981591     
         385                 2772                  654                12957   7160.1254882812500        2062.1706542968750       0.28800761350788673     
         386                 2785                  717                12881   7160.1254882812500        2050.0747070312500       0.28631826500618485     
         387                 2771                  625                12986   7160.1254882812500        2066.7861328125000       0.28865222211470221     
         388                 2765                  668                12950   7160.1254882812500        2061.0563964843750       0.28785199363581548     
         389                 2802                  705                12875   7160.1254882812500        2049.1198730468750       0.28618491064166462     
         390                 2786                  685                12911   7160.1254882812500        2054.8493652343750       0.28698510502329622     
         391                 2789                  682                12911   7160.1254882812500        2054.8493652343750       0.28698510502329622     
         392                 2797                  690                12896   7160.1254882812500        2052.4621582031250       0.28665170206336810     
         393                 2787                  682                12914   7160.1254882812500        2055.3269042968750       0.28705179925418389     
         394                 2777                  677                12928   7160.1254882812500        2057.5549316406250       0.28736297080381623     
         395                 2799                  710                12874   7160.1254882812500        2048.9606933593750       0.28616267923136873     
         396                 2779                  689                12914   7160.1254882812500        2055.3269042968750       0.28705179925418389     
         397                 2840                  689                12854   7160.1254882812500        2045.7775878906250       0.28571811921996115     
         398                 2766                  673                12944   7160.1254882812500        2060.1015625000000       0.28771863927129526     
         399                 2826                  705                12852   7160.1254882812500        2045.4592285156250       0.28567365639936937     
         400                 2806                  691                12886   7160.1254882812500        2050.8706054687500       0.28642942205766431     
         401                 2858                  704                12821   7160.1254882812500        2040.5255126953125       0.28498460202058973     
         402                 2778                  673                12931   7160.1254882812500        2058.0324707031250       0.28742966503470380     
         403                 2782                  725                12876   7160.1254882812500        2049.2790527343750       0.28620714205196052     
         404                 2780                  679                12923   7160.1254882812500        2056.7592773437500       0.28725184784959179     
         405                 2746                  682                12955   7160.1254882812500        2061.8522949218750       0.28796315068729494     
         406                 2692                  673                13017   7160.1254882812500        2071.7197265625000       0.28934125944485445     
         407                 2741                  667                12975   7160.1254882812500        2065.0354003906250       0.28840771069870252     
         408                 2769                  669                12945   7160.1254882812500        2060.2607421875000       0.28774087068159115     
         409                 2778                  680                12924   7160.1254882812500        2056.9184570312500       0.28727407925988768     
         410                 2798                  684                12901   7160.1254882812500        2053.2578125000000       0.28676282501759243     
         411                 2754                  658                12970   7160.1254882812500        2064.2395019531250       0.28829655364722306     
         412                 2782                  681                12920   7160.1254882812500        2056.2817382812500       0.28718515361870423     
         413                 2795                  694                12894   7160.1254882812500        2052.1437988281250       0.28660723924277631     
         414                 2793                  696                12894   7160.1254882812500        2052.1437988281250       0.28660723924277631     
         415                 2791                  681                12911   7160.1254882812500        2054.8493652343750       0.28698510502329622     
         416                 2790                  698                12895   7160.1254882812500        2052.3029785156250       0.28662947065307220     
         417                 2859                  691                12832   7160.1254882812500        2042.2761230468750       0.28522909638796179     
         418                 2762                  701                12920   7160.1254882812500        2056.2817382812500       0.28718515361870423     
         419                 2773                  682                12928   7160.1254882812500        2057.5549316406250       0.28736297080381623     
         420                 2759                  687                12937   7160.1254882812500        2058.9875488281250       0.28756305349647915     
         421                 2720                  662                13000   7160.1254882812500        2069.0141601562500       0.28896339366433443     
         422                 2733                  664                12986   7160.1254882812500        2066.7861328125000       0.28865222211470221     
         423                 2827                  723                12833   7160.1254882812500        2042.4353027343750       0.28525132779825768     
         424                 2811                  692                12879   7160.1254882812500        2049.7563476562500       0.28627380218559317     
         425                 2842                  703                12837   7160.1254882812500        2043.0718994140625       0.28534023639081374     
         426                 2812                  684                12887   7160.1254882812500        2051.0297851562500       0.28645165346796020     
         427                 2797                  697                12889   7160.1254882812500        2051.3479003906250       0.28649608219129696     
         428                 2734                  661                12988   7160.1254882812500        2067.1042480468750       0.28869665083803897     
         429                 2730                  681                12973   7160.1254882812500        2064.7170410156250       0.28836324787811074     
         430                 2740                  659                12984   7160.1254882812500        2066.4677734375000       0.28860775929411042     
         431                 2689                  666                13027   7160.1254882812500        2073.3112792968750       0.28956353945055824     
         432                 2741                  692                12949   7160.1254882812500        2060.8972167968750       0.28782976222551970     
         433                 2672                  661                13050   7160.1254882812500        2076.9719238281250       0.29007479369285338     
         434                 2740                  652                12991   7160.1254882812500        2067.5817871093750       0.28876334506892654     
         435                 2723                  656                13003   7160.1254882812500        2069.4916992187500       0.28903008789522211     
         436                 2719                  662                13001   7160.1254882812500        2069.1733398437500       0.28898562507463033     
         437                 2754                  658                12970   7160.1254882812500        2064.2395019531250       0.28829655364722306     
         438                 2764                  689                12930   7160.1254882812500        2057.8732910156250       0.28740743362440802     
         439                 2771                  681                12930   7160.1254882812500        2057.8732910156250       0.28740743362440802     
         440                 2762                  692                12929   7160.1254882812500        2057.7141113281250       0.28738520221411212     
         441                 2771                  674                12937   7160.1254882812500        2058.9875488281250       0.28756305349647915     
         442                 2705                  663                13015   7160.1254882812500        2071.4016113281250       0.28929683072151768     
         443                 2755                  622                13005   7160.1254882812500        2069.8100585937500       0.28907455071581389     
         444                 2748                  669                12965   7160.1254882812500        2063.4438476562500       0.28818543069299873     
         445                 2778                  705                12900   7160.1254882812500        2053.0986328125000       0.28674059360729665     
         446                 2813                  671                12898   7160.1254882812500        2052.7805175781250       0.28669616488395988     
         447                 2760                  702                12921   7160.1254882812500        2056.4409179687500       0.28720738502900001     
         448                 2772                  695                12915   7160.1254882812500        2055.4860839843750       0.28707403066447978     
         449                 2772                  641                12970   7160.1254882812500        2064.2395019531250       0.28829655364722306     
         450                 2811                  671                12901   7160.1254882812500        2053.2578125000000       0.28676282501759243     
         451                 2758                  679                12945   7160.1254882812500        2060.2607421875000       0.28774087068159115     
         452                 2686                  651                13045   7160.1254882812500        2076.1762695312500       0.28996367073862905     
         453                 2753                  654                12976   7160.1254882812500        2065.1945800781250       0.28842994210899842     
         454                 2802                  683                12897   7160.1254882812500        2052.6213378906250       0.28667393347366399     
         455                 2776                  685                12921   7160.1254882812500        2056.4409179687500       0.28720738502900001     
         456                 2795                  704                12884   7160.1254882812500        2050.5522460937500       0.28638495923707252     
         457                 2734                  690                12959   7160.1254882812500        2062.4887695312500       0.28805204223122349     
         458                 2799                  676                12908   7160.1254882812500        2054.3720703125000       0.28691844488966367     
         459                 2727                  677                12979   7160.1254882812500        2065.6718750000000       0.28849660224263107     
         460                 2780                  688                12914   7160.1254882812500        2055.3269042968750       0.28705179925418389     
         461                 2808                  684                12890   7160.1254882812500        2051.5070800781250       0.28651831360159286     
         462                 2770                  688                12925   7160.1254882812500        2057.0776367187500       0.28729631067018357     
         463                 2751                  679                12953   7160.1254882812500        2061.5339355468750       0.28791868786670316     
         464                 2760                  679                12944   7160.1254882812500        2060.1015625000000       0.28771863927129526     
         465                 2718                  629                13035   7160.1254882812500        2074.5847167968750       0.28974139073292526     
         466                 2768                  678                12937   7160.1254882812500        2058.9875488281250       0.28756305349647915     
         467                 2845                  707                12831   7160.1254882812500        2042.1170654296875       0.28520688202629352     
         468                 2790                  711                12881   7160.1254882812500        2050.0747070312500       0.28631826500618485     
         469                 2811                  694                12878   7160.1254882812500        2049.5974121093750       0.28625160487255230     
         470                 2787                  660                12936   7160.1254882812500        2058.8283691406250       0.28754082208618326     
         471                 2755                  678                12950   7160.1254882812500        2061.0563964843750       0.28785199363581548     
         472                 2851                  690                12842   7160.1254882812500        2043.8676757812500       0.28545137639366558     
         473                 2809                  655                12919   7160.1254882812500        2056.1225585937500       0.28716292220840833     
         474                 2761                  658                12964   7160.1254882812500        2063.2846679687500       0.28816319928270284     
         475                 2809                  701                12872   7160.1254882812500        2048.6423339843750       0.28611821641077695     
         476                 2807                  690                12886   7160.1254882812500        2050.8706054687500       0.28642942205766431     
         477                 2739                  676                12968   7160.1254882812500        2063.9211425781250       0.28825209082663139     
         478                 2758                  666                12958   7160.1254882812500        2062.3295898437500       0.28802981082092760     
         479                 2801                  665                12916   7160.1254882812500        2055.6452636718750       0.28709626207477568     
         480                 2774                  697                12912   7160.1254882812500        2055.0085449218750       0.28700733643359211     
         481                 2785                  698                12900   7160.1254882812500        2053.0986328125000       0.28674059360729665     
         482                 2773                  680                12929   7160.1254882812500        2057.7141113281250       0.28738520221411212     
         483                 2738                  667                12977   7160.1254882812500        2065.3537597656250       0.28845217351929431     
         484                 2728                  696                12959   7160.1254882812500        2062.4887695312500       0.28805204223122349     
         485                 2753                  678                12951   7160.1254882812500        2061.2155761718750       0.28787422504611138     
         486                 2763                  666                12954   7160.1254882812500        2061.6931152343750       0.28794091927699905     
         487                 2785                  692                12905   7160.1254882812500        2053.8945312500000       0.28685175065877599     
         488                 2817                  676                12889   7160.1254882812500        2051.3479003906250       0.28649608219129696     
         489                 2755                  668                12960   7160.1254882812500        2062.6479492187500       0.28807427364151927     
         490                 2768                  686                12928   7160.1254882812500        2057.5549316406250       0.28736297080381623     
         491                 2788                  662                12933   7160.1254882812500        2058.3508300781250       0.28747412785529558     
         492                 2736                  671                12975   7160.1254882812500        2065.0354003906250       0.28840771069870252     
         493                 2744                  668                12971   7160.1254882812500        2064.3986816406250       0.28831878505751896     
         494                 2817                  709                12857   7160.1254882812500        2046.2550048828125       0.28578479640222132     
         495                 2747                  662                12973   7160.1254882812500        2064.7170410156250       0.28836324787811074     
         496                 2756                  671                12956   7160.1254882812500        2062.0114746093750       0.28798538209759084     
         497                 2816                  704                12862   7160.1254882812500        2047.0507812500000       0.28589593640507316     
         498                 2694                  653                13036   7160.1254882812500        2074.7438964843750       0.28976362214322116     
         499                 2763                  677                12943   7160.1254882812500        2059.9423828125000       0.28769640786099937     
         500                 2782                  672                12929   7160.1254882812500        2057.7141113281250       0.28738520221411212     
