 temp ave_energy ave_energy^2 C_v
   2.92000008     -0.849818945       292.548462      0.430613399    
   2.82000017     -0.900362074       328.101562      0.482976168    
   2.72000003     -0.956799448       370.435486      0.574374557    
   2.62000012      -1.01799679       419.257111      0.689073801    
   2.51999998      -1.09183991       482.582886      0.903418779    
   2.42000008      -1.19710100       580.421814       1.22967756    
   2.32000017      -1.37946320       769.131653       1.47967768    
   2.22000003      -1.52751565       939.737244       1.30175042    
   2.12000012      -1.63771677       1077.07996      0.941935837    
   2.01999998      -1.72980523       1199.58020      0.659172475    
   1.92000008      -1.80077577       1299.08301      0.533273458    
   1.82000005      -1.85561728       1378.60620      0.386426687    
   1.72000003      -1.89474785       1436.99011      0.325291932    
   1.62000000      -1.92451000       1482.08948      0.226361245    
   1.52000010      -1.94876456       1519.43713      0.157372609    
   1.42000008      -1.96756613       1548.78296      0.127005398    
   1.32000005      -1.98070824       1569.45752      0.100615531    
   1.22000003      -1.98972297       1583.72522       8.47176462E-02
   1.12000000      -1.99451041       1591.31165       6.60176203E-02
   1.02000010      -1.99741209       1595.90674       4.31024022E-02
  0.920000076      -1.99899197       1598.40649       2.23372448E-02
