 temp ave_energy ave_energy^2 C_v
   2.92000008     -0.849957943       292.743622      0.442412674    
   2.82000017     -0.899060965       327.234955      0.491766274    
   2.72000003     -0.955106914       369.042572      0.561048210    
   2.62000012      -1.02312291       423.553741      0.705309033    
   2.51999998      -1.10261500       492.106995      0.913814306    
   2.42000008      -1.19792199       581.314026       1.24772668    
   2.32000017      -1.37121797       760.425049       1.54754925    
   2.22000003      -1.52570593       937.488647       1.29398298    
   2.12000012      -1.63832700       1077.90161      0.946855247    
   2.01999998      -1.72950304       1199.17603      0.662618876    
   1.92000008      -1.80109191       1299.50549      0.524266541    
   1.82000005      -1.85593796       1379.08557      0.387464434    
   1.72000003      -1.89462996       1436.82251      0.329041868    
   1.62000000      -1.92457902       1482.23547      0.241543293    
   1.52000010      -1.94886589       1519.59998      0.159604356    
   1.42000008      -1.96763194       1548.85913      0.113599710    
   1.32000005      -1.98078191       1569.50244       5.94546311E-02
   1.22000003      -1.98970795       1583.62024       3.03387847E-02
   1.12000000      -1.99448395       1591.20215       1.24561545E-02
   1.02000010      -1.99747193       1595.96338       5.55675570E-03
  0.920000076      -1.99898696       1598.38147       2.39986950E-03
