 temp ave_energy ave_energy^2 C_v
   2.92000008     -0.852056265       1165.37695      0.442999095    
   2.82000017     -0.898386061       1295.25659      0.490486711    
   2.72000003     -0.953786433       1459.80237      0.576940536    
   2.62000012      -1.01744640       1661.01562      0.684737563    
   2.51999998      -1.09293962       1916.12842      0.771752596    
   2.42000008      -1.19302416       2283.45630       1.05282772    
   2.32000017      -1.36038172       2969.44092       1.56424141    
   2.22000003      -1.53578484       3779.67969       1.18959749    
   2.12000012      -1.64790583       4348.74561      0.844383955    
   2.01999998      -1.73461473       4817.13232      0.713395119    
   1.92000008      -1.79863751       5178.01514      0.504557252    
   1.82000005      -1.85345221       5497.78027      0.399634629    
   1.72000003      -1.89522612       5748.60400      0.538297653    
   1.62000000      -1.92296600       5918.48975      0.766841948    
   1.52000010      -1.94714808       6067.38037      0.503430009    
   1.42000008      -1.96628356       6186.27441      0.119643897    
   1.32000005      -1.97892666       6266.00977       9.68491733E-02
   1.22000003      -1.98821783       6324.76172      -3.69524285E-02
   1.12000000      -1.99392724       6360.00732     -0.946169496    
   1.02000010      -1.99722409       6379.80664      -2.34525108    
  0.920000076      -1.99897027       6389.68994      -4.39729929    
