 temp ave_magnetization ave_magnetization^2 ave_magnetization^4 susceptibility susceptibilityAbs cumulant
   2.92000008       5.05724980E-04   13.2556868       853803.875       4.53947878       1.66097772      -1.23074055E-02
   2.82000017       7.32224958E-04   17.0859909       1374530.00       6.05855751       2.18992257       1.90821290E-02
   2.72000003       8.31642468E-03   22.2634449       2268200.50       8.14440536       2.91970158       4.66432571E-02
   2.62000012       5.00749957E-05   33.7902718       5096104.00       12.8970480       4.53164196       7.01482296E-02
   2.51999998       1.15084490E-02   55.7848587       13219349.0       22.0527592       7.55758524      0.115014434    
   2.42000008       5.38169220E-02   148.726837       74815392.0       59.5424843       17.5014477      0.295353889    
   2.32000017      0.328509539       552.410706       594446912.       163.681473       18.9139767      0.594166756    
   2.22000003      0.793461144       1011.63928       1.66374554E+09   1.94165254       1.94165254      0.661316276    
   2.12000012      0.863965154       1195.84619       2.29969101E+09  0.730616033      0.730616033      0.664974689    
   2.01999998      0.907250404       1317.76978       2.78541158E+09  0.398205429      0.398205429      0.665828824    
   1.92000008      0.934985340       1399.14355       3.13496781E+09  0.222574860      0.222574860      0.666368246    
   1.82000005      0.955172539       1460.23010       3.41186253E+09  0.254206717      0.254206717      0.666644454    
   1.72000003      0.969389558       1503.89502       3.61845350E+09  0.203034148      0.203034148      0.666691244    
   1.62000000      0.978231788       1531.27173       3.75192115E+09  0.106095672      0.106095672      0.666644216    
   1.52000010      0.985428989       1553.77075       3.86268979E+09   3.84457186E-02   3.84457186E-02  0.666669786    
   1.42000008      0.990849674       1571.01111       3.94824474E+09  0.111355625      0.111355625      0.666723788    
   1.32000005      0.994398654       1582.15759       4.00555622E+09   2.39109844E-02   2.39109844E-02  0.666633368    
   1.22000003      0.996963918       1590.12366       4.04689434E+09 -0.144082978     -0.144082978      0.666559160    
   1.12000000      0.998578310       1594.80151       4.07082854E+09 -0.582589269     -0.582589269      0.666551888    
   1.02000010      0.999439418       1597.17578       4.08386099E+09  -1.01072288      -1.01072288      0.666478157    
  0.920000076      0.999841750       1598.24048       4.09061811E+09  -1.36226213      -1.36226213      0.666371226    
