 temp ave_magnetization ave_magnetization^2 ave_magnetization^4 susceptibility susceptibilityAbs cumulant
   2.92000008       6.32368354E-03   13.4448862       206966.828       4.59893513       1.62859094       4.58750129E-02
   2.82000017       7.60447374E-03   16.7367668       307307.000       5.92682123       2.08642912       8.57856274E-02
   2.72000003       3.92684201E-03   23.4371281       562581.000       8.61432457       2.86921406      0.146516740    
   2.62000012       2.36052624E-03   33.2101555       1025158.38       12.6747808       3.96147513      0.225417137    
   2.51999998       3.65802608E-02   46.8208885       1970949.25       18.3673191       5.68359995      0.250770450    
   2.42000008      0.108615264       81.4664612       4858315.50       31.7138615       8.33502102      0.389976263    
   2.32000017      0.411701053       182.178574       16016760.0       49.3014946       6.74435043      0.597840071    
   2.22000003      0.784270763       250.880325       26699428.0       2.18381357       2.18381357      0.646501541    
   2.12000012      0.856618404       295.364838       35654828.0      0.871130526      0.871130526      0.659419715    
   2.01999998      0.902956307       327.014771       43194900.0      0.437006861      0.437006861      0.663398147    
   1.92000008      0.935143650       350.246124       49303012.0      0.233662903      0.233662903      0.665076613    
   1.82000005      0.955962360       365.707458       53603444.0       8.89422968E-02   8.89422968E-02  0.666002035    
   1.72000003      0.969075739       375.747772       56550692.0       6.08421117E-02   6.08421117E-02  0.666217327    
   1.62000000      0.978487313       383.037109       58733588.0       3.83391194E-02   3.83391194E-02  0.666401863    
   1.52000010      0.985904455       388.848358       60504328.0       2.98108514E-02   2.98108514E-02  0.666539311    
   1.42000008      0.991235256       393.069611       61812044.0       3.56789120E-02   3.56789120E-02  0.666609704    
   1.32000005      0.994910717       395.988037       62724908.0       3.71981524E-02   3.71981524E-02  0.666654468    
   1.22000003      0.997322381       397.897614       63329708.0       3.02254073E-02   3.02254073E-02  0.666662931    
   1.12000000      0.998586237       398.894012       63647908.0       2.15890072E-02   2.15890072E-02  0.666659713    
   1.02000010      0.999342859       399.486908       63838700.0       1.21783074E-02   1.21783074E-02  0.666652203    
  0.920000076      0.999746025       399.801941       63940536.0       5.51970070E-03   5.51970070E-03  0.666646361    
