 temp ave_magnetization ave_magnetization^2 ave_magnetization^4 susceptibility susceptibilityAbs cumulant
   2.92000008       1.04230000E-02   13.4325008       202388.531       4.58528948       1.62127793       6.52598143E-02
   2.82000017       3.48210000E-02   16.0411758       282449.844       5.51637316       1.98320425       8.52810740E-02
   2.72000003       2.19064988E-02   23.2303123       536060.250       8.46998310       2.82891655      0.172205985    
   2.62000012       9.31499898E-03   34.6214294       1128272.88       13.2010393       4.22452974      0.215590417    
   2.51999998       3.38619985E-02   51.0893593       2203151.25       20.0915508       5.74712276      0.296600342    
   2.42000008      0.190985486       82.1306839       4946526.50       27.9092941       8.61950588      0.388905644    
   2.32000017      0.184832498       174.766418       15257372.0       69.4401627       8.00783253      0.583722949    
   2.22000003      0.783264458       250.156555       26535636.0       2.14201498       2.14201498      0.646634221    
   2.12000012      0.857137978       295.699371       35730112.0      0.860931933      0.860931933      0.659472346    
   2.01999998      0.902479470       326.685272       43118272.0      0.444355279      0.444355279      0.663317144    
   1.92000008      0.935353458       350.398468       49339676.0      0.231262207      0.231262207      0.665118933    
   1.82000005      0.956076920       365.805847       53628732.0       9.48231369E-02   9.48231369E-02  0.666024208    
   1.72000003      0.969044924       375.736603       56543376.0       6.82003945E-02   6.82003945E-02  0.666240633    
   1.62000000      0.978484929       383.047791       58735200.0       4.61033955E-02   4.61033955E-02  0.666411400    
   1.52000010      0.985942960       388.876373       60512860.0       2.82432120E-02   2.82432120E-02  0.666540325    
   1.42000008      0.991252959       393.065857       61815048.0       2.31624097E-02   2.31624097E-02  0.666587174    
   1.32000005      0.994936407       395.982330       62729164.0       1.73413828E-02   1.73413828E-02  0.666622281    
   1.22000003      0.997314453       397.871094       63325936.0       1.36398561E-02   1.36398561E-02  0.666638374    
   1.12000000      0.998583436       398.878357       63645736.0       9.59123857E-03   9.59123857E-03  0.666644931    
   1.02000010      0.999358416       399.492676       63841840.0       5.62959490E-03   5.62959490E-03  0.666645408    
  0.920000076      0.999744952       399.798553       63939692.0       2.80230935E-03   2.80230935E-03  0.666645110    
