 Temperature AverMagnetization AverMagnetization^2 Suceptibility Cumulant
   5.00000000       3.7466333125066011E-004   7.2205748918966464E-003   1.4440869253755442E-003   1.5484373881893387E-002
   4.94999981       4.8552000133041291E-004   7.0860574423861934E-003   1.4314792117387774E-003  -5.4996783111938008E-003
   4.90000010       1.2161283354830618E-003   7.5202030287566295E-003   1.5344334223122847E-003  -9.5080540482581632E-003
   4.84999990       2.4433533285356437E-003   7.3116601881790403E-003   1.5063278598262261E-003  -7.0502006150365837E-003
   4.80000019       5.8633332545962190E-004   7.6446164391426510E-003   1.5925567646084258E-003   3.9037028757038406E-002
   4.75000000       7.0251667147191863E-005   7.4212780974220816E-003   1.5623733089301344E-003   1.8392564337090134E-002
   4.69999981       3.6192266707029195E-003   7.6099198223223766E-003   1.6163449317256353E-003  -1.5763122439184540E-002
   4.65000010       4.9928433346801129E-003   7.7484848080310500E-003   1.6609797666445247E-003   2.5317813768195530E-002
   4.59999990       2.2561266639251260E-003   8.4900094887329549E-003   1.8445477575334010E-003   4.2117838387501716E-002
   4.55000019       1.3381583343542492E-003   8.2697189948445840E-003   1.8171269965516156E-003  -3.1695846565225061E-003
   4.50000000       1.0866999717708677E-004   8.5352952713069891E-003   1.8967296723847824E-003   3.7397004691608338E-004
   4.44999981       1.3504799998328089E-003   8.4622391872880790E-003   1.9012169928054282E-003  -4.6366705548925857E-003
   4.40000010       4.7177950000955411E-003   8.7731230795158530E-003   1.9888329947494519E-003  -2.5099765407060159E-002
   4.34999990       2.5199499634839595E-004   8.7246396627743313E-003   2.0056496847803604E-003   4.5044063050039274E-003
   4.30000019       1.7338683390769488E-003   9.1694563108421605E-003   2.1317324845597928E-003   1.4620671490205184E-002
   4.25000000       2.8882216681058830E-003   9.3341155911377920E-003   2.1942997179940919E-003   1.0620286667780920E-002
   4.19999981       6.3304500483193742E-004   9.2821159081570188E-003   2.2099323263656059E-003   2.3538859050422634E-003
   4.15000010       1.1135283437349523E-003   9.6366849928948579E-003   2.3217939008612666E-003   2.3206956449962957E-002
   4.09999990       4.0844499953196691E-003   1.0217020081695062E-002   2.4878872178355584E-003   2.9177669108301219E-003
   4.05000019       5.8278800022769717E-003   1.0603466544646233E-002   2.6097535309155297E-003   1.4911261288040101E-002
   4.00000000       3.0988566634962333E-003   1.0914827341659411E-002   2.7263061072596291E-003   2.5008484978710332E-002
   3.94999981       3.5519650038614249E-003   1.1150164903484637E-002   2.8196325479163706E-003   3.2623557466585407E-002
   3.90000010       7.9680816792920238E-003   1.2028067116968282E-002   3.0678400200451444E-003   4.1707954266922531E-002
   3.84999990       1.0614949884001786E-003   1.1551229528459843E-002   3.0000267303242579E-003   2.8106182081984565E-002
   3.79999995       8.6195433361129833E-003   1.2347465789836264E-002   3.2297815003778608E-003   1.4498233479908529E-002
   3.75000000       1.3265833321303750E-003   1.1912824125835803E-002   3.1762839796557673E-003   4.7132987232996970E-002
   3.69999981       2.2814250053909296E-003   1.2956802826423863E-002   3.5004321014977225E-003   4.0456221527321867E-002
   3.65000010       3.5366466631346072E-003   1.3539497246112451E-002   3.7060244590982646E-003   2.3361299835824578E-003
   3.59999990       1.8654399974041929E-003   1.3430838914866726E-002   3.7298221357636623E-003  -1.8041606593182546E-002
   3.54999995       2.6644900144164761E-003   1.4482651643531854E-002   4.0776204598903555E-003  -1.5454941714110104E-002
   3.50000000       2.0913334194788089E-004   1.5149486157755620E-002   4.3284123137810734E-003   4.4780414345030439E-002
   3.44999981       3.2762283419736971E-003   1.5798621210179255E-002   4.5761996068818638E-003  -1.8442661715043940E-002
   3.40000010       1.9189799970062451E-003   1.6516786916907847E-002   4.8567951318885918E-003   3.2899740734966487E-002
   3.34999990       4.7370834598224609E-004   1.6771077736796765E-002   5.0062251975498580E-003   7.6301041861889463E-002
   3.29999995       9.3022183273273207E-003   1.8557562957145852E-002   5.5972824975200697E-003   3.7360504642253822E-002
   3.25000000       5.6275516469789051E-003   2.1558291249004741E-002   6.6235762195059949E-003   4.5065619693203329E-002
   3.19999981       2.9955849965608988E-003   2.1580162630482406E-002   6.7409972369374023E-003   2.6986660205479351E-002
   3.15000010       8.0240266660712659E-003   2.2929708407463150E-002   7.2588323938558253E-003   8.0925698433824467E-002
   3.09999990       1.2424574967074829E-002   2.5423728908741661E-002   8.1514065893899725E-003   5.1403899314697687E-002
   3.04999995       1.3813583192949493E-003   2.9931021814099689E-002   9.8128240495437436E-003   8.3222251248903367E-002
   3.00000000       1.1844786652696939E-002   2.9105902014150569E-002   9.6552013021816343E-003   7.5252107480912267E-002
   2.95000005       5.6162283195151635E-003   3.4521110100907158E-002   1.1691379289039192E-002   6.1010485667115422E-002
   2.89999986       1.2278616635069872E-003   3.4008178613248230E-002   1.1726438474851787E-002  0.13694684438740923     
   2.84999990       1.4150009990987989E-002   3.8616048870684587E-002   1.3479237324266573E-002   6.1518822469618262E-002
   2.79999995       1.4488793301834415E-002   4.1493454336674729E-002   1.4744117924859815E-002   8.7538728858226222E-002
   2.75000000       6.3202483386909586E-003   5.2505728316969605E-002   1.9078467033276019E-002   9.4967590666242607E-002
   2.70000005       5.6615921618558468E-002   5.7472950248477872E-002   2.0099105884714429E-002   7.7436321154676357E-002
   2.64999986       1.4271448307799797E-002   8.4193398945178924E-002   3.1694236211290999E-002  0.17314439563737505     
   2.59999990       1.4699549839269990E-003   8.4839545479087619E-002   3.2629763934016731E-002  0.12789243895050773     
   2.54999995       5.2563801590753717E-002  0.11810697057571203        4.5232948717127720E-002  0.28824532504912204     
   2.50000000       2.6798028380277256E-002  0.14938312140578952        5.9465995718400125E-002  0.32630320208190067     
   2.45000005       2.3897478418285028E-002  0.17175542980292741        6.9871156610602794E-002  0.35098042653225259     
   2.39999986       8.5581970043660138E-002  0.29476108962982250       0.11976534572471834       0.50449318020670197     
   2.34999990      0.34630291834725191       0.35474547586998234        9.9923306175694032E-002  0.53070733588885177     
   2.29999995      0.20373495991544643       0.48431132057254433       0.19252321848551257       0.60268554506435756     
   2.25000000      0.23755973326671309       0.59686977408830089       0.24019340055337984       0.64201784050992061     
   2.20000005      0.80953077334333956       0.66467060124596999        4.2411490556449518E-003  0.65137581311205284     
   2.14999986      0.27938054645954569       0.71877787583825847       0.29801136990370036       0.65776544188944019     
   2.09999990      0.86800861166651055       0.75822112036186629        2.2772241658031698E-003  0.65945667228953964     
   2.04999995      0.89589467467695472       0.80478766763581522        1.0538534501446813E-003  0.66331134123999136     
   2.00000000      0.91295814084263638       0.83521039957297738        8.5891632106716020E-004  0.66411782754322202     
   1.95000005      0.92449475259860359       0.85601919739008647        6.8135883514844787E-004  0.66470514700158356     
   1.89999986      0.93925571374688543       0.88311105933409118        4.7882292655558790E-004  0.66535286022933304     
   1.84999990      0.94892290580856797       0.90113631224594937        3.6844925538604686E-004  0.66569302435371236     
   1.79999995      0.95649221596274769       0.91539100268060902        2.8535750431880712E-004  0.66593721177647203     
   1.75000000      0.96441764660747842       0.93047356178670237        2.1266555167557432E-004  0.66614511263560883     
   1.70000005      0.97014866236642994       0.94146619105735019        1.6339055848286677E-004  0.66627920274889985     
   1.64999986      0.97504240308924517       0.95093091826178255        1.3529119293301158E-004  0.66635847270973791     
   1.59999990      0.97907777303493027       0.95878614875423551        1.2053945099372744E-004  0.66640360447557190     
   1.54999995      0.98328873720695575       0.96698657996837389        8.3767263516222108E-005  0.66648978312543083     
   1.50000000      0.98645927330372729       0.97320341828647949        6.7680268391558546E-005  0.66652903401724495     
   1.45000005      0.98928232054686549       0.97875667119428222        5.3214787863476474E-005  0.66656273928805998     
   1.39999986      0.99131784095929065       0.98277084827609640        4.2704627372397586E-005  0.66658633084485941     
   1.34999990      0.99303291960356632       0.98616454844456725        3.7162244871457198E-005  0.66659961493463338     
   1.29999995      0.99466101669810214       0.98938387099996872        2.5640662817288775E-005  0.66662208605088413     
   1.25000000      0.99614860032200814       0.99233487941298248        1.8276391861628631E-005  0.66663619005049679     
   1.20000005      0.99702938115145767       0.99408533253287990        1.4788044331780668E-005  0.66664303848519180     
   1.14999986      0.99778600210332868       0.99558958051018931        1.1021320145701102E-005  0.66664981004160095     
   1.09999990      0.99844463648331161       0.99690047150573302        7.9812584346006191E-006  0.66665500114481469     
   1.04999995      0.99894885600244998       0.99790462161804283        5.5282950665953902E-006  0.66665895887339532     
   1.00000000      0.99922696740388872       0.99845895713249522        4.4247453231394118E-006  0.66666079676132461     
  0.949999809      0.99949746547925478       0.99899785192852331        2.8088731230426146E-006  0.66666312561555285     
